Audi-A4-528794d.jpg_0359_0305_0250_0204_0066.png 1 0 0 204 66
Audi-A6-528818b.jpg_0000_0311_0286_0189_0044.png 1 0 0 189 44
BMW-3-Series-528819e.jpg_0000_0310_0268_0192_0061.png 1 0 0 192 61
BMW-5-Series-524359c.jpg_0000_0065_0186_0121_0058.png 1 0 0 121 58
BMW-X1-528026e.jpg_0016_0384_0220_0114_0037.png 1 0 0 114 37
BMW-X5-528820c.jpg_0000_0316_0245_0160_0037.png 1 0 0 160 37
Chevrolet-Aveo-521114c.jpg_0004_0365_0346_0224_0065.png 1 0 0 224 65
Chevrolet-Aveo-526315c.jpg_0357_0270_0361_0249_0087.png 1 0 0 249 87
Chevrolet-Aveo-528299d.jpg_0000_0218_0236_0170_0052.png 1 0 0 170 52
Chevrolet-Aveo-Old-523643b.jpg_0000_0084_0145_0087_0023.png 1 0 0 87 23
Chevrolet-Aveo-U-VA-524364c.jpg_0358_0273_0356_0254_0059.png 1 0 0 254 59
Chevrolet-Aveo-U-VA-527747c.jpg_0352_0186_0301_0166_0060.png 1 0 0 166 60
Chevrolet-Aveo-U-VA-528435c.jpg_0350_0204_0276_0165_0058.png 1 0 0 165 58
Chevrolet-Aveo-U-VA-528838b.jpg_0000_0339_0260_0119_0027.png 1 0 0 119 27
Chevrolet-Beat-514297d.jpg_0000_0192_0195_0128_0036.png 1 0 0 128 36
Chevrolet-Beat-518452c.jpg_0000_0215_0515_0264_0070.png 1 0 0 264 70
Chevrolet-Beat-519533c.jpg_0006_0402_0386_0232_0067.png 1 0 0 232 67
Chevrolet-Beat-519533g.jpg_0002_0313_0493_0229_0053.png 1 0 0 229 53
Chevrolet-Beat-520847c.jpg_0000_0229_0388_0206_0089.png 1 0 0 206 89
Chevrolet-Beat-520933g.jpg_0000_0166_0238_0097_0032.png 1 0 0 97 32
Chevrolet-Beat-523150c.jpg_0002_0246_0343_0215_0050.png 1 0 0 215 50
Chevrolet-Beat-523424c.jpg_0000_0325_0316_0165_0057.png 1 0 0 165 57
Chevrolet-Beat-523553c.jpg_0008_0195_0213_0145_0054.png 1 0 0 145 54
Chevrolet-Beat-525743c.jpg_0354_0218_0342_0242_0077.png 1 0 0 242 77
Chevrolet-Beat-526749c.jpg_0000_0285_0399_0201_0047.png 1 0 0 201 47
Chevrolet-Beat-527036f.jpg_0013_0284_0340_0235_0083.png 1 0 0 235 83
Chevrolet-Beat-527214b.jpg_0000_0341_0409_0173_0045.png 1 0 0 173 45
Chevrolet-Beat-527214d.jpg_0000_0286_0240_0215_0059.png 1 0 0 215 59
Chevrolet-Beat-527214g.jpg_0000_0285_0236_0216_0061.png 1 0 0 216 61
Chevrolet-Beat-528001c.jpg_0348_0044_0316_0169_0066.png 1 0 0 169 66
Chevrolet-Beat-528245c.jpg_0000_0200_0358_0288_0064.png 1 0 0 288 64
Chevrolet-Beat-528506d.jpg_0025_0632_0401_0137_0028.png 1 0 0 137 28
Chevrolet-Beat-528842d.jpg_0327_0737_0368_0096_0024.png 1 0 0 96 24
Chevrolet-Beat-529436c.jpg_0000_0255_0309_0222_0058.png 1 0 0 222 58
Chevrolet-Beat-530356c.jpg_0000_0258_0394_0193_0059.png 1 0 0 193 59
Chevrolet-Beat-530367c.jpg_0015_0282_0426_0274_0041.png 1 0 0 274 41
Chevrolet-Captiva-524767c.jpg_0029_0460_0242_0120_0032.png 1 0 0 120 32
Chevrolet-Captiva-524767e.jpg_0348_0049_0207_0136_0054.png 1 0 0 136 54
Chevrolet-Captiva-525852c.jpg_0354_0164_0224_0118_0030.png 1 0 0 118 30
Chevrolet-Cruze-514328c.jpg_0000_0160_0173_0136_0046.png 1 0 0 136 46
Chevrolet-Cruze-521616c.jpg_0339_0021_0273_0187_0045.png 1 0 0 187 45
Chevrolet-Cruze-522054c.jpg_0357_0294_0307_0257_0062.png 1 0 0 257 62
Chevrolet-Cruze-522196c.jpg_0359_0333_0377_0219_0055.png 1 0 0 219 55
Chevrolet-Cruze-522196h.jpg_0000_0242_0509_0328_0070.png 1 0 0 328 70
Chevrolet-Cruze-523653d.jpg_0012_0274_0125_0079_0028.png 1 0 0 79 28
Chevrolet-Cruze-524697c.jpg_0005_0403_0296_0178_0057.png 1 0 0 178 57
Chevrolet-Cruze-524899c.jpg_0001_0245_0346_0243_0057.png 1 0 0 243 57
Chevrolet-Cruze-526996c.jpg_0357_0145_0185_0147_0036.png 1 0 0 147 36
Chevrolet-Cruze-527718f.jpg_0016_0352_0292_0101_0025.png 1 0 0 101 25
Chevrolet-Cruze-527718h.jpg_0000_0113_0256_0099_0023.png 1 0 0 99 23
Chevrolet-Cruze-527731h.jpg_0000_0362_0166_0118_0075.png 1 0 0 118 75
Chevrolet-Cruze-527751c.jpg_0000_0243_0284_0307_0096.png 1 0 0 307 96
Chevrolet-Cruze-528085c.jpg_0000_0157_0181_0130_0036.png 1 0 0 130 36
Chevrolet-Cruze-528533b.jpg_0000_0033_0358_0100_0090.png 1 0 0 100 90
Chevrolet-Cruze-528533c.jpg_0000_0245_0325_0188_0044.png 1 0 0 188 44
Chevrolet-Cruze-528849b.jpg_0358_0317_0268_0198_0054.png 1 0 0 198 54
Chevrolet-Optra-520859b.jpg_0000_0303_0358_0200_0054.png 1 0 0 200 54
Chevrolet-Optra-520859d.jpg_0000_0331_0245_0221_0059.png 1 0 0 221 59
Chevrolet-Optra-522225c.jpg_0000_0295_0308_0214_0078.png 1 0 0 214 78
Chevrolet-Optra-522225d.jpg_0029_0672_0371_0123_0034.png 1 0 0 123 34
Chevrolet-Optra-Magnum-519836d.jpg_0037_0581_0344_0149_0039.png 1 0 0 149 39
Chevrolet-Optra-Magnum-527337c.jpg_0000_0152_0207_0104_0028.png 1 0 0 104 28
Chevrolet-Optra-Magnum-528554d.jpg_0000_0300_0313_0219_0069.png 1 0 0 219 69
Chevrolet-Optra-SRV-527739c.jpg_0015_0370_0300_0099_0020.png 1 0 0 99 20
Chevrolet-Optra-SRV-527739d.jpg_0344_0081_0265_0139_0044.png 1 0 0 139 44
Chevrolet-Optra-SRV-527739e.jpg_0022_0414_0284_0086_0019.png 1 0 0 86 19
Chevrolet-Optra-SRV-527739f.jpg_0350_0080_0197_0140_0049.png 1 0 0 140 49
Chevrolet-Spark-514304d.jpg_0000_0184_0190_0140_0032.png 1 0 0 140 32
Chevrolet-Spark-516577b.jpg_0340_0060_0347_0134_0035.png 1 0 0 134 35
Chevrolet-Spark-516577c.jpg_0000_0229_0215_0180_0053.png 1 0 0 180 53
Chevrolet-Spark-522613b.jpg_0000_0306_0491_0180_0059.png 1 0 0 180 59
Chevrolet-Spark-522815c.jpg_0000_0246_0299_0290_0068.png 1 0 0 290 68
Chevrolet-Spark-522822c.jpg_0000_0274_0337_0262_0061.png 1 0 0 262 61
Chevrolet-Spark-523905c.jpg_0000_0237_0336_0257_0066.png 1 0 0 257 66
Chevrolet-Spark-525141b.jpg_0357_0298_0432_0119_0049.png 1 0 0 119 49
Chevrolet-Spark-525141d.jpg_0000_0321_0240_0205_0060.png 1 0 0 205 60
Chevrolet-Spark-526203c.jpg_0000_0215_0308_0279_0073.png 1 0 0 279 73
Chevrolet-Spark-527455c.jpg_0004_0337_0287_0203_0049.png 1 0 0 203 49
Chevrolet-Spark-527714b.jpg_0000_0133_0274_0074_0022.png 1 0 0 74 22
Chevrolet-Spark-527714g.jpg_0347_0105_0196_0112_0034.png 1 0 0 112 34
Chevrolet-Spark-527784c.jpg_0000_0356_0322_0184_0062.png 1 0 0 184 62
Chevrolet-Spark-528062d.jpg_0336_0015_0237_0152_0060.png 1 0 0 152 60
Chevrolet-Spark-528082b.jpg_0340_0129_0368_0079_0040.png 1 0 0 79 40
Chevrolet-Spark-528082d.jpg_0000_0558_0308_0073_0054.png 1 0 0 73 54
Chevrolet-Spark-528875c.jpg_0000_0263_0302_0224_0059.png 1 0 0 224 59
Chevrolet-Spark-529084c.jpg_0000_0301_0291_0203_0063.png 1 0 0 203 63
Chevrolet-Spark-529936b.jpg_0000_0335_0466_0142_0045.png 1 0 0 142 45
Chevrolet-Tavera-523056b.jpg_0000_0177_0180_0119_0052.png 1 0 0 119 52
Chevrolet-Tavera-523920b.jpg_0000_0184_0188_0103_0030.png 1 0 0 103 30
Chevrolet-Tavera-526711c.jpg_0000_0321_0322_0175_0052.png 1 0 0 175 52
Fiat-Grande-Punto-525629c.jpg_0000_0293_0434_0216_0057.png 1 0 0 216 57
Fiat-Grande-Punto-527738f.jpg_0015_0322_0289_0113_0026.png 1 0 0 113 26
Fiat-Grande-Punto-527738g.jpg_0018_0338_0296_0111_0041.png 1 0 0 111 41
Fiat-Grande-Punto-527917d.jpg_0000_0247_0456_0293_0068.png 1 0 0 293 68
Fiat-Linea-521577c.jpg_0000_0324_0445_0171_0054.png 1 0 0 171 54
Fiat-Linea-527347c.jpg_0000_0304_0422_0191_0054.png 1 0 0 191 54
Fiat-Palio-Stile-514964d.jpg_0334_0064_0277_0152_0049.png 1 0 0 152 49
Fiat-Palio-Stile-526693b.jpg_0345_0203_0431_0164_0056.png 1 0 0 164 56
Fiat-Palio-Stile-526693c.jpg_0000_0268_0259_0161_0054.png 1 0 0 161 54
Fiat-Palio-Stile-528458c.jpg_0000_0279_0261_0287_0076.png 1 0 0 287 76
Ford-Classic-524901c.jpg_0000_0289_0298_0278_0065.png 1 0 0 278 65
Ford-Classic-527601c.jpg_0006_0328_0332_0279_0070.png 1 0 0 279 70
Ford-Endeavour-529225b.jpg_0000_0159_0229_0079_0026.png 1 0 0 79 26
Ford-Endeavour-529225d.jpg_0000_0047_0176_0090_0041.png 1 0 0 90 41
Ford-Endeavour-529482b.jpg_0000_0236_0299_0121_0037.png 1 0 0 121 37
Ford-Fiesta--2006-2011--516654c.jpg_0002_0202_0309_0368_0092.png 1 0 0 368 92
Ford-Fiesta--2006-2011--519819b.jpg_0350_0198_0340_0164_0041.png 1 0 0 164 41
Ford-Fiesta--2006-2011--524444c.jpg_0000_0208_0332_0339_0079.png 1 0 0 339 79
Ford-Fiesta-512535c.jpg_0000_0203_0171_0137_0041.png 1 0 0 137 41
Ford-Fiesta-513047e.jpg_0358_0257_0379_0284_0066.png 1 0 0 284 66
Ford-Fiesta-513047g.jpg_0000_0277_0228_0276_0079.png 1 0 0 276 79
Ford-Fiesta-522167b.jpg_0322_0026_0365_0125_0031.png 1 0 0 125 31
Ford-Fiesta-524843c.jpg_0000_0294_0364_0188_0064.png 1 0 0 188 64
Ford-Fiesta-525974c.jpg_0000_0287_0375_0180_0046.png 1 0 0 180 46
Ford-Fiesta-526825c.jpg_0000_0268_0330_0248_0069.png 1 0 0 248 69
Ford-Fiesta-527657b.jpg_0347_0086_0273_0113_0034.png 1 0 0 113 34
Ford-Fiesta-527853d.jpg_0000_0314_0231_0215_0060.png 1 0 0 215 60
Ford-Fiesta-527953c.jpg_0001_0210_0331_0242_0056.png 1 0 0 242 56
Ford-Fiesta-Classic-527869c.jpg_0000_0212_0339_0281_0066.png 1 0 0 281 66
Ford-Figo-513484c.jpg_0003_0329_0247_0232_0049.png 1 0 0 232 49
Ford-Figo-514650c.jpg_0014_0299_0310_0090_0025.png 1 0 0 90 25
Ford-Figo-514785b.jpg_0000_0117_0249_0132_0025.png 1 0 0 132 25
Ford-Figo-514785e.jpg_0000_0122_0173_0143_0042.png 1 0 0 143 42
Ford-Figo-514785f.jpg_0357_0255_0474_0280_0042.png 1 0 0 280 42
Ford-Figo-514785h.jpg_0000_0247_0335_0292_0069.png 1 0 0 292 69
Ford-Figo-517794c.jpg_0000_0300_0235_0232_0073.png 1 0 0 232 73
Ford-Figo-518039c.jpg_0000_0234_0298_0228_0062.png 1 0 0 228 62
Ford-Figo-518686c.jpg_0358_0270_0350_0273_0064.png 1 0 0 273 64
Ford-Figo-519627c.jpg_0000_0165_0229_0136_0048.png 1 0 0 136 48
Ford-Figo-521865c.jpg_0000_0244_0498_0311_0073.png 1 0 0 311 73
Ford-Figo-521865d.jpg_0000_0264_0443_0275_0060.png 1 0 0 275 60
Ford-Figo-521865f.jpg_0000_0277_0338_0263_0068.png 1 0 0 263 68
Ford-Figo-523070c.jpg_0000_0273_0258_0217_0058.png 1 0 0 217 58
Ford-Figo-523558c.jpg_0001_0227_0413_0375_0083.png 1 0 0 375 83
Ford-Figo-524314d.jpg_0000_0300_0267_0177_0045.png 1 0 0 177 45
Ford-Figo-524314e.jpg_0020_0564_0245_0107_0050.png 1 0 0 107 50
Ford-Figo-525172c.jpg_0000_0239_0277_0278_0077.png 1 0 0 278 77
Ford-Figo-525493c.jpg_0000_0249_0272_0314_0073.png 1 0 0 314 73
Ford-Figo-526834c.jpg_0002_0297_0367_0249_0058.png 1 0 0 249 58
Ford-Figo-527183c.jpg_0000_0286_0357_0286_0067.png 1 0 0 286 67
Ford-Figo-528471b.jpg_0003_0259_0505_0219_0063.png 1 0 0 219 63
Ford-Figo-528523c.jpg_0000_0232_0366_0289_0068.png 1 0 0 289 68
Ford-Figo-528899b.jpg_0000_0572_0385_0108_0096.png 1 0 0 108 96
Ford-Figo-529797c.jpg_0002_0254_0344_0253_0059.png 1 0 0 253 59
Ford-Ikon-522629e.jpg_0000_0257_0317_0251_0066.png 1 0 0 251 66
Ford-Ikon-523808c.jpg_0007_0288_0351_0283_0078.png 1 0 0 283 78
Ford-Ikon-525701c.jpg_0000_0242_0351_0295_0073.png 1 0 0 295 73
Ford-Ikon-527722b.jpg_0350_0092_0167_0143_0054.png 1 0 0 143 54
Ford-Ikon-527722e.jpg_0345_0077_0267_0125_0037.png 1 0 0 125 37
Ford-Ikon-527722g.jpg_0000_0235_0299_0125_0035.png 1 0 0 125 35
Ford-Ikon-528900d.jpg_0342_0078_0349_0146_0056.png 1 0 0 146 56
Ford-Ikon-529005d.jpg_0341_0027_0234_0165_0061.png 1 0 0 165 61
Ford-Ikon-529570e.jpg_0359_0322_0254_0200_0057.png 1 0 0 200 57
Honda-Accord-528291b.jpg_0359_0320_0299_0217_0052.png 1 0 0 217 52
Honda-Accord-529499b.jpg_0000_0331_0251_0201_0047.png 1 0 0 201 47
Honda-Amaze-527610c.jpg_0000_0299_0296_0270_0081.png 1 0 0 270 81
Honda-Amaze-529756c.jpg_0000_0261_0339_0202_0047.png 1 0 0 202 47
Honda-Brio-514791c.jpg_0000_0171_0252_0147_0038.png 1 0 0 147 38
Honda-Brio-515778d.jpg_0000_0169_0267_0128_0039.png 1 0 0 128 39
Honda-Brio-526172b.jpg_0340_0042_0478_0149_0040.png 1 0 0 149 40
Honda-Brio-526822c.jpg_0000_0290_0421_0250_0079.png 1 0 0 250 79
Honda-Brio-528396c.jpg_0023_0455_0434_0143_0062.png 1 0 0 143 62
Honda-City-515774d.jpg_0357_0128_0202_0155_0045.png 1 0 0 155 45
Honda-City-516632c.jpg_0000_0250_0241_0220_0051.png 1 0 0 220 51
Honda-City-517078c.jpg_0003_0264_0219_0174_0052.png 1 0 0 174 52
Honda-City-518018f.jpg_0005_0341_0276_0191_0046.png 1 0 0 191 46
Honda-City-519525c.jpg_0001_0263_0311_0307_0072.png 1 0 0 307 72
Honda-City-520524b.jpg_0335_0049_0370_0121_0037.png 1 0 0 121 37
Honda-City-520524c.jpg_0030_0590_0400_0189_0040.png 1 0 0 189 40
Honda-City-521205c.jpg_0000_0297_0332_0218_0062.png 1 0 0 218 62
Honda-City-521893e.jpg_0000_0274_0300_0225_0075.png 1 0 0 225 75
Honda-City-522187c.jpg_0340_0022_0232_0162_0073.png 1 0 0 162 73
Honda-City-523688c.jpg_0000_0153_0320_0224_0130.png 1 0 0 224 130
Honda-City-523688c.jpg_0349_0149_0312_0246_0099.png 1 0 0 246 99
Honda-City-523842c.jpg_0005_0426_0318_0160_0075.png 1 0 0 160 75
Honda-City-523844b.jpg_0328_0016_0436_0259_0055.png 1 0 0 259 55
Honda-City-524188c.jpg_0338_0187_0369_0157_0042.png 1 0 0 157 42
Honda-City-524408c.jpg_0000_0293_0226_0231_0065.png 1 0 0 231 65
Honda-City-524408h.jpg_0000_0259_0410_0269_0063.png 1 0 0 269 63
Honda-City-524439c.jpg_0000_0183_0334_0329_0117.png 1 0 0 329 117
Honda-City-525738b.jpg_0000_0236_0452_0267_0064.png 1 0 0 267 64
Honda-City-525738d.jpg_0343_0050_0217_0176_0059.png 1 0 0 176 59
Honda-City-526141b.jpg_0000_0133_0435_0180_0033.png 1 0 0 180 33
Honda-City-526342c.jpg_0000_0227_0288_0237_0071.png 1 0 0 237 71
Honda-City-526681c.jpg_0000_0260_0335_0255_0067.png 1 0 0 255 67
Honda-City-527019c.jpg_0000_0192_0174_0123_0036.png 1 0 0 123 36
Honda-City-527044f.jpg_0348_0201_0348_0212_0054.png 1 0 0 212 54
Honda-City-527275c.jpg_0000_0267_0317_0292_0082.png 1 0 0 292 82
Honda-City-527341c.jpg_0356_0238_0346_0251_0055.png 1 0 0 251 55
Honda-City-527481f.jpg_0000_0116_0250_0092_0018.png 1 0 0 92 18
Honda-City-527481g.jpg_0009_0306_0205_0153_0036.png 1 0 0 153 36
Honda-City-527656f.jpg_0000_0117_0250_0091_0019.png 1 0 0 91 19
Honda-City-527685c.jpg_0359_0254_0330_0259_0060.png 1 0 0 259 60
Honda-City-527854c.jpg_0000_0300_0255_0231_0064.png 1 0 0 231 64
Honda-City-527919c.jpg_0000_0316_0315_0245_0057.png 1 0 0 245 57
Honda-City-527919c.jpg_0002_0313_0317_0251_0069.png 1 0 0 251 69
Honda-City-527920c.jpg_0003_0274_0340_0265_0071.png 1 0 0 265 71
Honda-City-527945c.jpg_0004_0324_0315_0234_0063.png 1 0 0 234 63
Honda-City-528379d.jpg_0000_0127_0221_0090_0022.png 1 0 0 90 22
Honda-City-528413c.jpg_0018_0576_0308_0142_0069.png 1 0 0 142 69
Honda-City-528530c.jpg_0354_0082_0335_0186_0055.png 1 0 0 186 55
Honda-City-528530d.jpg_0355_0275_0281_0208_0053.png 1 0 0 208 53
Honda-City-528642b.jpg_0018_0324_0204_0074_0031.png 1 0 0 74 31
Honda-City-528642d.jpg_0000_0314_0111_0071_0040.png 1 0 0 71 40
Honda-City-528644d.jpg_0000_0344_0127_0080_0048.png 1 0 0 80 48
Honda-City-528644d.jpg_0017_0338_0143_0081_0040.png 1 0 0 81 40
Honda-City-528700c.jpg_0000_0262_0334_0256_0075.png 1 0 0 256 75
Honda-City-529579e.jpg_0000_0316_0276_0189_0064.png 1 0 0 189 64
Honda-City-529582e.jpg_0000_0308_0262_0131_0048.png 1 0 0 131 48
Honda-City-529661b.jpg_0001_0229_0207_0207_0059.png 1 0 0 207 59
Honda-City-529940c.jpg_0000_0259_0289_0214_0065.png 1 0 0 214 65
Honda-City-529943b.jpg_0000_0268_0484_0238_0035.png 1 0 0 238 35
Honda-City-530076c.jpg_0000_0231_0326_0281_0100.png 1 0 0 281 100
Honda-City-530305c.jpg_0000_0303_0343_0239_0056.png 1 0 0 239 56
Honda-City-530341c.jpg_0000_0363_0367_0258_0077.png 1 0 0 258 77
Honda-City-530343c.jpg_0358_0328_0307_0240_0056.png 1 0 0 240 56
Honda-City-530398b.jpg_0335_0064_0478_0202_0059.png 1 0 0 202 59
Honda-City-530398c.jpg_0350_0173_0348_0220_0079.png 1 0 0 220 79
Honda-City-ZX-521136c.jpg_0001_0195_0381_0309_0083.png 1 0 0 309 83
Honda-City-ZX-522224c.jpg_0000_0312_0312_0203_0061.png 1 0 0 203 61
Honda-City-ZX-524688g.jpg_0008_0393_0386_0126_0029.png 1 0 0 126 29
Honda-City-ZX-525132c.jpg_0344_0164_0436_0139_0046.png 1 0 0 139 46
Honda-City-ZX-525608b.jpg_0323_0061_0437_0144_0035.png 1 0 0 144 35
Honda-City-ZX-525608c.jpg_0355_0310_0325_0197_0069.png 1 0 0 197 69
Honda-City-ZX-525608d.jpg_0028_0670_0356_0112_0050.png 1 0 0 112 50
Honda-City-ZX-525784b.jpg_0001_0219_0284_0228_0075.png 1 0 0 228 75
Honda-City-ZX-527160c.jpg_0000_0269_0267_0213_0067.png 1 0 0 213 67
Honda-City-ZX-527281c.jpg_0009_0407_0390_0207_0048.png 1 0 0 207 48
Honda-City-ZX-527688b.jpg_0011_0624_0324_0176_0075.png 1 0 0 176 75
Honda-City-ZX-527688c.jpg_0000_0272_0319_0307_0074.png 1 0 0 307 74
Honda-City-ZX-527900c.jpg_0000_0633_0314_0131_0101.png 1 0 0 131 101
Honda-City-ZX-528206b.jpg_0002_0103_0248_0112_0026.png 1 0 0 112 26
Honda-City-ZX-528206c.jpg_0004_0167_0337_0174_0043.png 1 0 0 174 43
Honda-City-ZX-528206d.jpg_0003_0098_0290_0130_0027.png 1 0 0 130 27
Honda-City-ZX-528549b.jpg_0000_0118_0485_0112_0078.png 1 0 0 112 78
Honda-City-ZX-528549b.jpg_0340_0120_0472_0151_0066.png 1 0 0 151 66
Honda-City-ZX-528549c.jpg_0000_0564_0430_0088_0100.png 1 0 0 88 100
Honda-City-ZX-529066c.jpg_0031_0598_0505_0186_0055.png 1 0 0 186 55
Honda-City-ZX-529890b.jpg_0345_0176_0372_0136_0049.png 1 0 0 136 49
Honda-Civic-519967c.jpg_0000_0266_0234_0246_0059.png 1 0 0 246 59
Honda-Civic-521015b.jpg_0343_0065_0495_0170_0058.png 1 0 0 170 58
Honda-Civic-521015c.jpg_0358_0299_0320_0244_0068.png 1 0 0 244 68
Honda-Civic-521912b.jpg_0000_0276_0487_0264_0062.png 1 0 0 264 62
Honda-Civic-521912c.jpg_0357_0208_0431_0252_0059.png 1 0 0 252 59
Honda-Civic-523066c.jpg_0000_0276_0258_0235_0063.png 1 0 0 235 63
Honda-Civic-523450b.jpg_0002_0271_0490_0232_0053.png 1 0 0 232 53
Honda-Civic-523450c.jpg_0026_0549_0446_0130_0035.png 1 0 0 130 35
Honda-Civic-525074b.jpg_0000_0292_0318_0225_0055.png 1 0 0 225 55
Honda-Civic-525638c.jpg_0000_0272_0256_0184_0079.png 1 0 0 184 79
Honda-Civic-525755c.jpg_0344_0156_0277_0197_0076.png 1 0 0 197 76
Honda-Civic-526099c.jpg_0000_0219_0370_0182_0066.png 1 0 0 182 66
Honda-Civic-526319c.jpg_0000_0334_0313_0218_0077.png 1 0 0 218 77
Honda-Civic-526867b.jpg_0333_-019_0385_0154_0044.png 1 0 0 154 44
Honda-Civic-526867c.jpg_0336_-015_0209_0215_0058.png 1 0 0 215 58
Honda-Civic-527379f.jpg_0000_0119_0155_0105_0035.png 1 0 0 105 35
Honda-Civic-527473b.jpg_0342_0076_0192_0104_0036.png 1 0 0 104 36
Honda-Civic-527473c.jpg_0009_0365_0199_0109_0040.png 1 0 0 109 40
Honda-Civic-527728e.jpg_0000_0358_0201_0115_0056.png 1 0 0 115 56
Honda-Civic-527728g.jpg_0345_0092_0181_0119_0043.png 1 0 0 119 43
Honda-Civic-527740d.jpg_0352_0097_0183_0109_0049.png 1 0 0 109 49
Honda-Civic-527931c.jpg_0000_0315_0450_0234_0046.png 1 0 0 234 46
Honda-Civic-527931g.jpg_0335_0054_0248_0141_0059.png 1 0 0 141 59
Honda-Civic-527931h.jpg_0358_0268_0279_0268_0079.png 1 0 0 268 79
Honda-Civic-528095c.jpg_0000_0167_0173_0120_0033.png 1 0 0 120 33
Honda-Civic-528394e.jpg_0000_0351_0270_0160_0050.png 1 0 0 160 50
Honda-Civic-528536c.jpg_0359_0313_0287_0178_0051.png 1 0 0 178 51
Honda-Civic-528703c.jpg_0000_0247_0299_0231_0074.png 1 0 0 231 74
Honda-Civic-528743c.jpg_0000_0264_0281_0216_0055.png 1 0 0 216 55
Honda-Civic-528786c.jpg_0000_0251_0279_0260_0085.png 1 0 0 260 85
Honda-Civic-529615e.jpg_0000_0310_0256_0170_0048.png 1 0 0 170 48
Honda-Civic-529788c.jpg_0000_0108_0178_0135_0039.png 1 0 0 135 39
Honda-CR-V-526235c.jpg_0000_0221_0350_0166_0056.png 1 0 0 166 56
Honda-CR-V-529612e.jpg_0000_0337_0400_0155_0046.png 1 0 0 155 46
Honda-Jazz-524452c.jpg_0003_0368_0320_0236_0075.png 1 0 0 236 75
Honda-Jazz-527431c.jpg_0000_0301_0264_0170_0031.png 1 0 0 170 31
Honda-Jazz-527431d.jpg_0010_0348_0240_0170_0074.png 1 0 0 170 74
Honda-Jazz-528699c.jpg_0001_0329_0278_0195_0070.png 1 0 0 195 70
Hyundai-Accent-514782c.jpg_0000_0158_0191_0151_0043.png 1 0 0 151 43
Hyundai-Accent-517633c.jpg_0000_0110_0215_0159_0063.png 1 0 0 159 63
Hyundai-Accent-521658c.jpg_0000_0158_0211_0142_0039.png 1 0 0 142 39
Hyundai-Accent-522891c.jpg_0358_0167_0345_0271_0060.png 1 0 0 271 60
Hyundai-Accent-523595f.jpg_0000_0248_0331_0131_0035.png 1 0 0 131 35
Hyundai-Accent-523774c.jpg_0002_0337_0376_0166_0070.png 1 0 0 166 70
Hyundai-Accent-525679c.jpg_0358_0273_0336_0284_0080.png 1 0 0 284 80
Hyundai-Accent-526313c.jpg_0356_0240_0390_0215_0076.png 1 0 0 215 76
Hyundai-Accent-526381c.jpg_0001_0262_0327_0222_0070.png 1 0 0 222 70
Hyundai-Accent-527665g.jpg_0000_0250_0184_0105_0033.png 1 0 0 105 33
Hyundai-Accent-528463d.jpg_0000_0248_0236_0231_0056.png 1 0 0 231 56
Hyundai-Elantra-525103c.jpg_0000_0144_0246_0121_0024.png 1 0 0 121 24
Hyundai-Eon-525721b.jpg_0028_0573_0465_0125_0047.png 1 0 0 125 47
Hyundai-Eon-525721h.jpg_0015_0345_0444_0167_0039.png 1 0 0 167 39
Hyundai-Eon-527590c.jpg_0000_0283_0444_0153_0044.png 1 0 0 153 44
Hyundai-Eon-527663c.jpg_0012_0306_0313_0114_0027.png 1 0 0 114 27
Hyundai-Eon-527663g.jpg_0348_0076_0290_0138_0043.png 1 0 0 138 43
Hyundai-Eon-528448c.jpg_0000_0262_0472_0201_0066.png 1 0 0 201 66
Hyundai-Eon-528686c.jpg_0004_0320_0452_0231_0074.png 1 0 0 231 74
Hyundai-Fluidic-Verna-518440c.jpg_0000_0238_0300_0309_0077.png 1 0 0 309 77
Hyundai-Fluidic-Verna-519456c.jpg_0002_0242_0340_0235_0055.png 1 0 0 235 55
Hyundai-Fluidic-Verna-521365c.jpg_0356_0165_0334_0265_0079.png 1 0 0 265 79
Hyundai-Fluidic-Verna-526387d.jpg_0000_0247_0399_0273_0068.png 1 0 0 273 68
Hyundai-Fluidic-Verna-527127g.jpg_0015_0709_0241_0088_0050.png 1 0 0 88 50
Hyundai-Fluidic-Verna-530400d.jpg_0000_0287_0430_0239_0060.png 1 0 0 239 60
Hyundai-Fluidic-Verna-530400e.jpg_0000_0274_0300_0238_0056.png 1 0 0 238 56
Hyundai-Getz-528810b.jpg_0006_0377_0522_0219_0054.png 1 0 0 219 54
Hyundai-Getz-528810c.jpg_0012_0476_0437_0156_0043.png 1 0 0 156 43
Hyundai-Getz-Prime-521416b.jpg_0341_0071_0414_0103_0043.png 1 0 0 103 43
Hyundai-Getz-Prime-524261c.jpg_0000_0294_0310_0257_0055.png 1 0 0 257 55
Hyundai-Getz-Prime-525724b.jpg_0339_0118_0367_0153_0036.png 1 0 0 153 36
Hyundai-Getz-Prime-525724c.jpg_0000_0314_0300_0183_0062.png 1 0 0 183 62
Hyundai-Getz-Prime-525864c.jpg_0004_0317_0366_0317_0088.png 1 0 0 317 88
Hyundai-Getz-Prime-526603c.jpg_0000_0296_0309_0223_0061.png 1 0 0 223 61
Hyundai-i10-515336e.jpg_0019_0392_0510_0159_0045.png 1 0 0 159 45
Hyundai-i10-515336h.jpg_0000_0307_0462_0168_0050.png 1 0 0 168 50
Hyundai-i10-517044c.jpg_0000_0289_0460_0216_0054.png 1 0 0 216 54
Hyundai-i10-517204c.jpg_0000_0297_0415_0196_0046.png 1 0 0 196 46
Hyundai-i10-517205c.jpg_0000_0271_0381_0192_0054.png 1 0 0 192 54
Hyundai-i10-517481c.jpg_0000_0250_0510_0224_0046.png 1 0 0 224 46
Hyundai-i10-518863d.jpg_0016_0456_0503_0167_0041.png 1 0 0 167 41
Hyundai-i10-518863f.jpg_0016_0345_0556_0232_0057.png 1 0 0 232 57
Hyundai-i10-519706b.jpg_0000_0274_0477_0309_0081.png 1 0 0 309 81
Hyundai-i10-519706d.jpg_0021_0525_0486_0188_0073.png 1 0 0 188 73
Hyundai-i10-521160c.jpg_0002_0289_0462_0199_0063.png 1 0 0 199 63
Hyundai-i10-521281c.jpg_0000_0306_0503_0189_0063.png 1 0 0 189 63
Hyundai-i10-521381c.jpg_0000_0296_0456_0256_0060.png 1 0 0 256 60
Hyundai-i10-521831h.jpg_0342_0063_0442_0184_0051.png 1 0 0 184 51
Hyundai-i10-522125c.jpg_0000_0305_0463_0167_0064.png 1 0 0 167 64
Hyundai-i10-522477c.jpg_0000_0156_0490_0249_0110.png 1 0 0 249 110
Hyundai-i10-522477c.jpg_0346_0170_0486_0254_0069.png 1 0 0 254 69
Hyundai-i10-522736c.jpg_0000_0261_0500_0278_0081.png 1 0 0 278 81
Hyundai-i10-522757b.jpg_0000_0299_0536_0251_0053.png 1 0 0 251 53
Hyundai-i10-523412c.jpg_0000_0271_0409_0174_0056.png 1 0 0 174 56
Hyundai-i10-523457c.jpg_0013_0371_0530_0214_0057.png 1 0 0 214 57
Hyundai-i10-523675b.jpg_0029_0346_0235_0067_0021.png 1 0 0 67 21
Hyundai-i10-523922b.jpg_0358_0218_0528_0256_0062.png 1 0 0 256 62
Hyundai-i10-524328c.jpg_0012_0353_0524_0210_0052.png 1 0 0 210 52
Hyundai-i10-524334b.jpg_0000_0061_0220_0090_0025.png 1 0 0 90 25
Hyundai-i10-524532c.jpg_0000_0260_0540_0209_0070.png 1 0 0 209 70
Hyundai-i10-524668b.jpg_0344_0025_0409_0178_0057.png 1 0 0 178 57
Hyundai-i10-524808b.jpg_0000_0244_0391_0295_0060.png 1 0 0 295 60
Hyundai-i10-524809b.jpg_0000_0243_0389_0273_0029.png 1 0 0 273 29
Hyundai-i10-524818e.jpg_0009_0597_0324_0112_0030.png 1 0 0 112 30
Hyundai-i10-525082b.jpg_0000_0118_0263_0122_0027.png 1 0 0 122 27
Hyundai-i10-525082c.jpg_0011_0210_0246_0111_0026.png 1 0 0 111 26
Hyundai-i10-525082d.jpg_0000_0113_0251_0126_0041.png 1 0 0 126 41
Hyundai-i10-525170c.jpg_0000_0318_0457_0123_0040.png 1 0 0 123 40
Hyundai-i10-525343b.jpg_0340_0106_0431_0199_0049.png 1 0 0 199 49
Hyundai-i10-525671c.jpg_0000_0283_0498_0280_0078.png 1 0 0 280 78
Hyundai-i10-525673c.jpg_0000_0237_0516_0252_0072.png 1 0 0 252 72
Hyundai-i10-525729b.jpg_0335_0061_0420_0159_0037.png 1 0 0 159 37
Hyundai-i10-525932c.jpg_0010_0379_0527_0221_0056.png 1 0 0 221 56
Hyundai-i10-526219b.jpg_0034_0591_0510_0138_0031.png 1 0 0 138 31
Hyundai-i10-526283c.jpg_0000_0341_0515_0137_0042.png 1 0 0 137 42
Hyundai-i10-526446e.jpg_0356_0206_0461_0214_0064.png 1 0 0 214 64
Hyundai-i10-526446f.jpg_0038_0636_0516_0168_0050.png 1 0 0 168 50
Hyundai-i10-526778c.jpg_0002_0298_0503_0237_0055.png 1 0 0 237 55
Hyundai-i10-526824c.jpg_0002_0302_0460_0207_0058.png 1 0 0 207 58
Hyundai-i10-527034f.jpg_0014_0311_0510_0241_0058.png 1 0 0 241 58
Hyundai-i10-527133c.jpg_0000_0285_0428_0244_0053.png 1 0 0 244 53
Hyundai-i10-527133d.jpg_0000_0634_0354_0110_0046.png 1 0 0 110 46
Hyundai-i10-527133d.jpg_0015_0627_0371_0133_0047.png 1 0 0 133 47
Hyundai-i10-527133g.jpg_0000_0287_0479_0232_0054.png 1 0 0 232 54
Hyundai-i10-527542b.jpg_0003_0290_0435_0206_0048.png 1 0 0 206 48
Hyundai-i10-527542h.jpg_0000_0279_0471_0225_0052.png 1 0 0 225 52
Hyundai-i10-527770c.jpg_0349_0188_0390_0118_0036.png 1 0 0 118 36
Hyundai-i10-528025c.jpg_0359_0268_0455_0205_0048.png 1 0 0 205 48
Hyundai-i10-528025d.jpg_0000_0688_0378_0105_0095.png 1 0 0 105 95
Hyundai-i10-528249c.jpg_0000_0296_0460_0202_0049.png 1 0 0 202 49
Hyundai-i10-528491c.jpg_0002_0294_0485_0259_0079.png 1 0 0 259 79
Hyundai-i10-528645b.jpg_0000_0086_0186_0091_0026.png 1 0 0 91 26
Hyundai-i10-528896c.jpg_0005_0330_0448_0172_0052.png 1 0 0 172 52
Hyundai-i10-528896d.jpg_0015_0547_0333_0115_0042.png 1 0 0 115 42
Hyundai-i10-529134c.jpg_0000_0096_0181_0090_0021.png 1 0 0 90 21
Hyundai-i10-529183c.jpg_0000_0248_0529_0294_0078.png 1 0 0 294 78
Hyundai-i10-529380c.jpg_0000_0306_0484_0215_0056.png 1 0 0 215 56
Hyundai-i10-529678d.jpg_0352_0176_0362_0171_0051.png 1 0 0 171 51
Hyundai-i10-529760c.jpg_0000_0336_0463_0144_0033.png 1 0 0 144 33
Hyundai-i10-529795c.jpg_0358_0321_0529_0154_0039.png 1 0 0 154 39
Hyundai-i10-529939c.jpg_0000_0161_0267_0141_0039.png 1 0 0 141 39
Hyundai-i10-530190b.jpg_0338_0040_0452_0151_0058.png 1 0 0 151 58
Hyundai-i10-530199c.jpg_0000_0226_0359_0157_0036.png 1 0 0 157 36
Hyundai-i10-530304c.jpg_0357_0243_0505_0203_0047.png 1 0 0 203 47
Hyundai-i10-530381c.jpg_0350_0277_0433_0192_0046.png 1 0 0 192 46
Hyundai-i20-516865b.jpg_0000_0306_0473_0263_0049.png 1 0 0 263 49
Hyundai-i20-517560c.jpg_0038_0553_0452_0100_0039.png 1 0 0 100 39
Hyundai-i20-517806c.jpg_0000_0306_0412_0250_0071.png 1 0 0 250 71
Hyundai-i20-519841c.jpg_0029_0586_0342_0128_0053.png 1 0 0 128 53
Hyundai-i20-520005d.jpg_0000_0272_0435_0196_0051.png 1 0 0 196 51
Hyundai-i20-520214d.jpg_0000_0542_0307_0140_0103.png 1 0 0 140 103
Hyundai-i20-520473c.jpg_0000_0265_0519_0214_0061.png 1 0 0 214 61
Hyundai-i20-520950c.jpg_0003_0101_0187_0087_0020.png 1 0 0 87 20
Hyundai-i20-521535c.jpg_0358_0229_0433_0225_0057.png 1 0 0 225 57
Hyundai-i20-522157c.jpg_0000_0347_0456_0154_0047.png 1 0 0 154 47
Hyundai-i20-522172c.jpg_0000_0280_0517_0232_0068.png 1 0 0 232 68
Hyundai-i20-522195c.jpg_0000_0287_0483_0227_0062.png 1 0 0 227 62
Hyundai-i20-522349c.jpg_0000_0312_0407_0220_0065.png 1 0 0 220 65
Hyundai-i20-522467c.jpg_0357_0284_0423_0156_0041.png 1 0 0 156 41
Hyundai-i20-522653c.jpg_0357_0288_0500_0219_0051.png 1 0 0 219 51
Hyundai-i20-522790c.jpg_0000_0290_0473_0167_0064.png 1 0 0 167 64
Hyundai-i20-523669b.jpg_0000_0277_0484_0223_0045.png 1 0 0 223 45
Hyundai-i20-523669c.jpg_0352_0112_0433_0153_0037.png 1 0 0 153 37
Hyundai-i20-523669e.jpg_0002_0340_0460_0226_0053.png 1 0 0 226 53
Hyundai-i20-523669h.jpg_0352_0185_0435_0194_0044.png 1 0 0 194 44
Hyundai-i20-523835b.jpg_0015_0500_0507_0180_0068.png 1 0 0 180 68
Hyundai-i20-523847b.jpg_0330_0064_0323_0088_0034.png 1 0 0 88 34
Hyundai-i20-523847d.jpg_0023_0625_0352_0105_0032.png 1 0 0 105 32
Hyundai-i20-523894c.jpg_0358_0257_0516_0244_0059.png 1 0 0 244 59
Hyundai-i20-524723c.jpg_0002_0290_0471_0222_0061.png 1 0 0 222 61
Hyundai-i20-525564d.jpg_0003_0243_0381_0170_0040.png 1 0 0 170 40
Hyundai-i20-525564g.jpg_0000_0191_0376_0173_0040.png 1 0 0 173 40
Hyundai-i20-525615c.jpg_0000_0288_0410_0204_0048.png 1 0 0 204 48
Hyundai-i20-525727b.jpg_0000_0025_0418_0137_0097.png 1 0 0 137 97
Hyundai-i20-525727c.jpg_0353_0241_0505_0215_0071.png 1 0 0 215 71
Hyundai-i20-525750b.jpg_0000_0289_0472_0216_0039.png 1 0 0 216 39
Hyundai-i20-525750f.jpg_0341_0116_0383_0152_0031.png 1 0 0 152 31
Hyundai-i20-525750h.jpg_0333_0115_0398_0114_0036.png 1 0 0 114 36
Hyundai-i20-526376c.jpg_0355_0216_0506_0220_0051.png 1 0 0 220 51
Hyundai-i20-526632c.jpg_0003_0371_0471_0209_0064.png 1 0 0 209 64
Hyundai-i20-526981c.jpg_0002_0184_0366_0174_0041.png 1 0 0 174 41
Hyundai-i20-527031c.jpg_0014_0198_0188_0066_0018.png 1 0 0 66 18
Hyundai-i20-527245c.jpg_0000_0560_0448_0129_0107.png 1 0 0 129 107
Hyundai-i20-527245c.jpg_0020_0551_0493_0157_0057.png 1 0 0 157 57
Hyundai-i20-527245e.jpg_0000_0506_0398_0163_0079.png 1 0 0 163 79
Hyundai-i20-527394b.jpg_0000_0219_0389_0200_0058.png 1 0 0 200 58
Hyundai-i20-527396b.jpg_0000_0356_0428_0209_0049.png 1 0 0 209 49
Hyundai-i20-527541c.jpg_0356_0225_0492_0233_0054.png 1 0 0 233 54
Hyundai-i20-527596c.jpg_0000_0243_0512_0285_0073.png 1 0 0 285 73
Hyundai-i20-527901c.jpg_0024_0514_0455_0173_0052.png 1 0 0 173 52
Hyundai-i20-528374c.jpg_0000_0156_0268_0134_0038.png 1 0 0 134 38
Hyundai-i20-528389b.jpg_0358_0329_0356_0131_0031.png 1 0 0 131 31
Hyundai-i20-528709c.jpg_0000_0287_0469_0216_0056.png 1 0 0 216 56
Hyundai-i20-529993b.jpg_0021_0607_0428_0137_0047.png 1 0 0 137 47
Hyundai-i20-529993c.jpg_0341_0121_0412_0182_0046.png 1 0 0 182 46
Hyundai-i20-529993e.jpg_0000_0261_0442_0213_0063.png 1 0 0 213 63
Hyundai-i20-529993h.jpg_0339_0062_0380_0118_0033.png 1 0 0 118 33
Hyundai-i20-530379c.jpg_0001_0299_0480_0216_0050.png 1 0 0 216 50
Hyundai-Santro-523528c.jpg_0009_0416_0402_0265_0074.png 1 0 0 265 74
Hyundai-Santro-525251b.jpg_0342_0023_0244_0131_0032.png 1 0 0 131 32
Hyundai-Santro-528482c.jpg_0000_0257_0328_0295_0092.png 1 0 0 295 92
Hyundai-Santro-529270c.jpg_0000_0290_0295_0220_0057.png 1 0 0 220 57
Hyundai-Santro-529806c.jpg_0000_0325_0365_0196_0041.png 1 0 0 196 41
Hyundai-Santro-Xing-512032d.jpg_0347_0139_0204_0080_0032.png 1 0 0 80 32
Hyundai-Santro-Xing-518699b.jpg_0000_0233_0373_0160_0040.png 1 0 0 160 40
Hyundai-Santro-Xing-518699d.jpg_0000_0275_0489_0252_0062.png 1 0 0 252 62
Hyundai-Santro-Xing-518775c.jpg_0008_0227_0220_0085_0037.png 1 0 0 85 37
Hyundai-Santro-Xing-519773b.jpg_0345_0161_0362_0121_0036.png 1 0 0 121 36
Hyundai-Santro-Xing-519773c.jpg_0015_0466_0395_0137_0042.png 1 0 0 137 42
Hyundai-Santro-Xing-519773d.jpg_0353_0174_0280_0166_0062.png 1 0 0 166 62
Hyundai-Santro-Xing-519773e.jpg_0014_0514_0404_0120_0036.png 1 0 0 120 36
Hyundai-Santro-Xing-520026b.jpg_0331_-006_0381_0130_0049.png 1 0 0 130 49
Hyundai-Santro-Xing-520026c.jpg_0001_0257_0313_0265_0071.png 1 0 0 265 71
Hyundai-Santro-Xing-521130c.jpg_0002_0246_0382_0298_0083.png 1 0 0 298 83
Hyundai-Santro-Xing-521162b.jpg_0000_0271_0300_0243_0073.png 1 0 0 243 73
Hyundai-Santro-Xing-521162c.jpg_0000_0267_0291_0246_0086.png 1 0 0 246 86
Hyundai-Santro-Xing-521263b.jpg_0357_0295_0511_0215_0042.png 1 0 0 215 42
Hyundai-Santro-Xing-521263g.jpg_0000_0236_0357_0274_0078.png 1 0 0 274 78
Hyundai-Santro-Xing-521397b.jpg_0018_0599_0485_0139_0049.png 1 0 0 139 49
Hyundai-Santro-Xing-522199b.jpg_0039_0660_0411_0145_0042.png 1 0 0 145 42
Hyundai-Santro-Xing-523240b.jpg_0340_0132_0449_0121_0041.png 1 0 0 121 41
Hyundai-Santro-Xing-523240d.jpg_0000_0616_0333_0094_0078.png 1 0 0 94 78
Hyundai-Santro-Xing-523465b.jpg_0016_0570_0451_0146_0051.png 1 0 0 146 51
Hyundai-Santro-Xing-523465c.jpg_0336_0213_0346_0206_0077.png 1 0 0 206 77
Hyundai-Santro-Xing-523465c.jpg_0336_0216_0347_0197_0084.png 1 0 0 197 84
Hyundai-Santro-Xing-523633c.jpg_0345_0130_0318_0271_0089.png 1 0 0 271 89
Hyundai-Santro-Xing-523644c.jpg_0000_0101_0118_0090_0026.png 1 0 0 90 26
Hyundai-Santro-Xing-523683b.jpg_0023_0367_0214_0053_0024.png 1 0 0 53 24
Hyundai-Santro-Xing-523683b.jpg_0032_0374_0221_0044_0015.png 1 0 0 44 15
Hyundai-Santro-Xing-523921b.jpg_0000_0050_0326_0079_0063.png 1 0 0 79 63
Hyundai-Santro-Xing-524495c.jpg_0000_0271_0359_0204_0076.png 1 0 0 204 76
Hyundai-Santro-Xing-525064c.jpg_0358_0278_0282_0174_0049.png 1 0 0 174 49
Hyundai-Santro-Xing-526236c.jpg_0000_0336_0305_0205_0082.png 1 0 0 205 82
Hyundai-Santro-Xing-526618d.jpg_0026_0625_0373_0094_0042.png 1 0 0 94 42
Hyundai-Santro-Xing-526717c.jpg_0359_0258_0349_0264_0062.png 1 0 0 264 62
Hyundai-Santro-Xing-526794c.jpg_0000_0332_0353_0134_0031.png 1 0 0 134 31
Hyundai-Santro-Xing-527023b.jpg_0000_0152_0195_0091_0024.png 1 0 0 91 24
Hyundai-Santro-Xing-527042b.jpg_0000_0273_0241_0120_0041.png 1 0 0 120 41
Hyundai-Santro-Xing-527312c.jpg_0350_0087_0281_0201_0048.png 1 0 0 201 48
Hyundai-Santro-Xing-527539c.jpg_0351_0003_0315_0212_0058.png 1 0 0 212 58
Hyundai-Santro-Xing-528018c.jpg_0357_0372_0257_0221_0057.png 1 0 0 221 57
Hyundai-Santro-Xing-528552c.jpg_0009_0434_0383_0171_0058.png 1 0 0 171 58
Hyundai-Santro-Xing-528552d.jpg_0023_0613_0377_0116_0045.png 1 0 0 116 45
Hyundai-Santro-Xing-528797c.jpg_0347_0235_0315_0157_0049.png 1 0 0 157 49
Hyundai-Santro-Xing-528870c.jpg_0000_0269_0267_0187_0062.png 1 0 0 187 62
Hyundai-Santro-Xing-529277c.jpg_0000_0312_0267_0164_0058.png 1 0 0 164 58
Hyundai-Santro-Xing-529326c.jpg_0000_0249_0306_0275_0104.png 1 0 0 275 104
Hyundai-Santro-Xing-529357c.jpg_0000_0277_0317_0273_0077.png 1 0 0 273 77
Hyundai-Santro-Xing-529416c.jpg_0000_0300_0270_0191_0066.png 1 0 0 191 66
Hyundai-Santro-Xing-529424c.jpg_0000_0311_0407_0186_0043.png 1 0 0 186 43
Hyundai-Santro-Xing-529640b.jpg_0010_0360_0365_0157_0036.png 1 0 0 157 36
Hyundai-Santro-Xing-529640f.jpg_0000_0035_0204_0080_0066.png 1 0 0 80 66
Hyundai-Santro-Xing-529815c.jpg_0000_0332_0341_0182_0041.png 1 0 0 182 41
Hyundai-Santro-Xing-529819c.jpg_0001_0255_0288_0206_0055.png 1 0 0 206 55
Hyundai-Santro-Xing-529825c.jpg_0354_0222_0330_0250_0083.png 1 0 0 250 83
Hyundai-Santro-Xing-529835c.jpg_0000_0337_0298_0202_0064.png 1 0 0 202 64
Hyundai-Santro-Xing-530331c.jpg_0000_0259_0275_0274_0089.png 1 0 0 274 89
Hyundai-Santro-Xing-530363c.jpg_0000_0283_0358_0191_0039.png 1 0 0 191 39
Hyundai-Sonata-Embera-527726g.jpg_0000_0115_0249_0070_0016.png 1 0 0 70 16
Hyundai-Sonata-Embera-527726h.jpg_0017_0377_0323_0096_0030.png 1 0 0 96 30
Hyundai-Verna-513186b.jpg_0000_0148_0260_0074_0017.png 1 0 0 74 17
Hyundai-Verna-513186g.jpg_0002_0344_0442_0170_0064.png 1 0 0 170 64
Hyundai-Verna-513907c.jpg_0000_0149_0163_0168_0044.png 1 0 0 168 44
Hyundai-Verna-513907d.jpg_0011_0347_0166_0129_0045.png 1 0 0 129 45
Hyundai-Verna-514742c.jpg_0000_0085_0153_0134_0053.png 1 0 0 134 53
Hyundai-Verna-514742c.jpg_0355_0086_0154_0144_0043.png 1 0 0 144 43
Hyundai-Verna-518484c.jpg_0358_0278_0305_0272_0073.png 1 0 0 272 73
Hyundai-Verna-519395c.jpg_0348_0111_0328_0298_0079.png 1 0 0 298 79
Hyundai-Verna-521806c.jpg_0000_0232_0284_0329_0110.png 1 0 0 329 110
Hyundai-Verna-521806d.jpg_0335_-027_0198_0178_0082.png 1 0 0 178 82
Hyundai-Verna-522812b.jpg_0346_0131_0405_0138_0043.png 1 0 0 138 43
Hyundai-Verna-522812c.jpg_0347_0084_0212_0217_0065.png 1 0 0 217 65
Hyundai-Verna-522870c.jpg_0354_0205_0302_0218_0063.png 1 0 0 218 63
Hyundai-Verna-523613d.jpg_0342_-013_0218_0058_0038.png 1 0 0 58 38
Hyundai-Verna-523882c.jpg_0000_0178_0361_0345_0095.png 1 0 0 345 95
Hyundai-Verna-524841c.jpg_0000_0351_0292_0199_0058.png 1 0 0 199 58
Hyundai-Verna-524863c.jpg_0000_0276_0286_0198_0058.png 1 0 0 198 58
Hyundai-Verna-525323c.jpg_0002_0335_0322_0260_0076.png 1 0 0 260 76
Hyundai-Verna-525427e.jpg_0355_0193_0339_0294_0071.png 1 0 0 294 71
Hyundai-Verna-526317c.jpg_0000_0289_0282_0232_0098.png 1 0 0 232 98
Hyundai-Verna-526651b.jpg_0330_0118_0293_0113_0033.png 1 0 0 113 33
Hyundai-Verna-526678c.jpg_0000_0272_0341_0254_0075.png 1 0 0 254 75
Hyundai-Verna-526784c.jpg_0000_0239_0314_0316_0106.png 1 0 0 316 106
Hyundai-Verna-526999c.jpg_0000_0182_0209_0211_0055.png 1 0 0 211 55
Hyundai-Verna-527644c.jpg_0000_0245_0285_0331_0091.png 1 0 0 331 91
Hyundai-Verna-527654b.jpg_0019_0409_0288_0084_0019.png 1 0 0 84 19
Hyundai-Verna-527654c.jpg_0004_0417_0234_0061_0030.png 1 0 0 61 30
Hyundai-Verna-528218e.jpg_0000_0222_0166_0154_0045.png 1 0 0 154 45
Hyundai-Verna-528218g.jpg_0000_0118_0196_0116_0031.png 1 0 0 116 31
Hyundai-Verna-528714c.jpg_0346_0164_0421_0267_0074.png 1 0 0 267 74
Hyundai-Verna-528863b.jpg_0000_0264_0313_0369_0055.png 1 0 0 369 55
Hyundai-Verna-529259c.jpg_0000_0268_0302_0288_0067.png 1 0 0 288 67
Hyundai-Verna-529485g.jpg_0000_0234_0233_0140_0032.png 1 0 0 140 32
Hyundai-Verna-529507c.jpg_0000_0181_0187_0198_0058.png 1 0 0 198 58
Hyundai-Verna-529892c.jpg_0000_0298_0305_0207_0052.png 1 0 0 207 52
Hyundai-Verna-529921b.jpg_0004_0116_0195_0074_0019.png 1 0 0 74 19
Hyundai-Verna-529921c.jpg_0357_0078_0126_0087_0030.png 1 0 0 87 30
Hyundai-Verna-530303c.jpg_0000_0355_0286_0178_0054.png 1 0 0 178 54
Hyundai-Verna-530369b.jpg_0346_0271_0342_0232_0059.png 1 0 0 232 59
Mahindra-Bolero-524259d.jpg_0001_0182_0251_0110_0031.png 1 0 0 110 31
Mahindra-Bolero-526567c.jpg_0356_0450_0462_0195_0045.png 1 0 0 195 45
Mahindra-Bolero-527305c.jpg_0003_0515_0539_0189_0050.png 1 0 0 189 50
Mahindra-Bolero-527856c.jpg_0000_0454_0461_0173_0060.png 1 0 0 173 60
Mahindra-Bolero-529017c.jpg_0000_0360_0344_0131_0045.png 1 0 0 131 45
Mahindra-Bolero-530318c.jpg_0000_0480_0445_0182_0042.png 1 0 0 182 42
Mahindra-Quanto-528717c.jpg_0000_0278_0512_0198_0050.png 1 0 0 198 50
Mahindra-Renault-Logan-519910c.jpg_0000_0232_0387_0177_0053.png 1 0 0 177 53
Mahindra-Renault-Logan-519910d.jpg_0023_0481_0365_0130_0045.png 1 0 0 130 45
Mahindra-Renault-Logan-527350c.jpg_0357_0241_0542_0212_0049.png 1 0 0 212 49
Mahindra-Renault-Logan-527757c.jpg_0351_0194_0500_0195_0041.png 1 0 0 195 41
Mahindra-Scorpio-517155e.jpg_0349_0135_0326_0107_0035.png 1 0 0 107 35
Mahindra-Scorpio-518977c.jpg_0000_0349_0284_0164_0046.png 1 0 0 164 46
Mahindra-Scorpio-519993c.jpg_0000_0351_0322_0127_0038.png 1 0 0 127 38
Mahindra-Scorpio-520584c.jpg_0000_0331_0337_0176_0041.png 1 0 0 176 41
Mahindra-Scorpio-522086d.jpg_0355_0245_0374_0211_0056.png 1 0 0 211 56
Mahindra-Scorpio-522863c.jpg_0000_0317_0320_0158_0042.png 1 0 0 158 42
Mahindra-Scorpio-524457c.jpg_0003_0282_0382_0223_0060.png 1 0 0 223 60
Mahindra-Scorpio-524721b.jpg_0000_0299_0428_0223_0060.png 1 0 0 223 60
Mahindra-Scorpio-524762c.jpg_0337_0011_0241_0113_0026.png 1 0 0 113 26
Mahindra-Scorpio-524762e.jpg_0034_0565_0262_0128_0046.png 1 0 0 128 46
Mahindra-Scorpio-524762f.jpg_0356_0140_0263_0142_0047.png 1 0 0 142 47
Mahindra-Scorpio-525108b.jpg_0000_0193_0494_0166_0105.png 1 0 0 166 105
Mahindra-Scorpio-525108c.jpg_0353_0270_0352_0168_0060.png 1 0 0 168 60
Mahindra-Scorpio-525108d.jpg_0023_0642_0388_0134_0036.png 1 0 0 134 36
Mahindra-Scorpio-525110c.jpg_0352_0282_0404_0184_0061.png 1 0 0 184 61
Mahindra-Scorpio-525112b.jpg_0343_0114_0403_0159_0047.png 1 0 0 159 47
Mahindra-Scorpio-525188c.jpg_0000_0275_0362_0223_0042.png 1 0 0 223 42
Mahindra-Scorpio-525298c.jpg_0359_0271_0375_0203_0056.png 1 0 0 203 56
Mahindra-Scorpio-525444c.jpg_0000_0251_0364_0184_0043.png 1 0 0 184 43
Mahindra-Scorpio-528165h.jpg_0000_0261_0254_0122_0033.png 1 0 0 122 33
Mahindra-Scorpio-528639f.jpg_0000_0242_0289_0161_0045.png 1 0 0 161 45
Mahindra-Scorpio-528969c.jpg_0000_0273_0372_0230_0057.png 1 0 0 230 57
Mahindra-Scorpio-530378c.jpg_0007_0314_0397_0236_0054.png 1 0 0 236 54
Mahindra-Scorpio-530387c.jpg_0000_0237_0389_0244_0067.png 1 0 0 244 67
Mahindra-Scorpio-530387d.jpg_0005_0543_0343_0140_0053.png 1 0 0 140 53
Mahindra-XUV-500-520604c.jpg_0000_0171_0220_0123_0034.png 1 0 0 123 34
Mahindra-XUV-500-527447d.jpg_0000_0215_0274_0156_0036.png 1 0 0 156 36
Mahindra-XUV-500-527447e.jpg_0021_0521_0291_0111_0047.png 1 0 0 111 47
Mahindra-XUV-500-528497c.jpg_0006_0341_0347_0224_0053.png 1 0 0 224 53
Mahindra-XUV-500-529230b.jpg_0343_0181_0366_0123_0031.png 1 0 0 123 31
Mahindra-XUV-500-529230c.jpg_0354_0267_0275_0161_0047.png 1 0 0 161 47
Mahindra-XUV-500-529230d.jpg_0000_0497_0300_0111_0054.png 1 0 0 111 54
Mahindra-Xylo-515397c.jpg_0000_0345_0242_0168_0047.png 1 0 0 168 47
Mahindra-Xylo-518096c.jpg_0356_0280_0254_0200_0060.png 1 0 0 200 60
Mahindra-Xylo-518459c.jpg_0003_0364_0256_0127_0040.png 1 0 0 127 40
Mahindra-Xylo-520556c.jpg_0000_0288_0259_0230_0067.png 1 0 0 230 67
Mahindra-Xylo-521147c.jpg_0000_0277_0292_0174_0060.png 1 0 0 174 60
Mahindra-Xylo-522442c.jpg_0000_0314_0269_0175_0041.png 1 0 0 175 41
Mahindra-Xylo-522884c.jpg_0000_0276_0317_0196_0056.png 1 0 0 196 56
Mahindra-Xylo-524363b.jpg_0000_0676_0363_0119_0075.png 1 0 0 119 75
Mahindra-Xylo-524363c.jpg_0339_0066_0425_0156_0038.png 1 0 0 156 38
Mahindra-Xylo-525111c.jpg_0000_0326_0261_0191_0044.png 1 0 0 191 44
Mahindra-Xylo-526773c.jpg_0347_0077_0300_0131_0040.png 1 0 0 131 40
Mahindra-Xylo-526852b.jpg_0000_0333_0390_0210_0049.png 1 0 0 210 49
Mahindra-Xylo-526852d.jpg_0000_0331_0226_0176_0051.png 1 0 0 176 51
Mahindra-Xylo-526852g.jpg_0000_0365_0237_0164_0049.png 1 0 0 164 49
Mahindra-Xylo-528566c.jpg_0000_0291_0278_0163_0045.png 1 0 0 163 45
Mahindra-Xylo-528567c.jpg_0000_0296_0271_0184_0061.png 1 0 0 184 61
Mahindra-Xylo-529634b.jpg_0000_0339_0347_0139_0039.png 1 0 0 139 39
Maruti-Suzuki-800-522096c.jpg_0356_0319_0467_0232_0056.png 1 0 0 232 56
Maruti-Suzuki-800-526454b.jpg_0000_0247_0450_0247_0058.png 1 0 0 247 58
Maruti-Suzuki-800-527755b.jpg_0337_0161_0405_0152_0035.png 1 0 0 152 35
Maruti-Suzuki-800-527755c.jpg_0352_0230_0465_0193_0038.png 1 0 0 193 38
Maruti-Suzuki-A-Star-515301b.jpg_0352_0208_0332_0226_0068.png 1 0 0 226 68
Maruti-Suzuki-A-Star-515301d.jpg_0343_0025_0375_0155_0036.png 1 0 0 155 36
Maruti-Suzuki-A-Star-515320b.jpg_0000_0181_0310_0202_0059.png 1 0 0 202 59
Maruti-Suzuki-A-Star-515320d.jpg_0013_0406_0343_0136_0045.png 1 0 0 136 45
Maruti-Suzuki-A-Star-515320e.jpg_0339_0007_0328_0128_0033.png 1 0 0 128 33
Maruti-Suzuki-A-Star-520105c.jpg_0000_0139_0253_0142_0041.png 1 0 0 142 41
Maruti-Suzuki-A-Star-520842b.jpg_0000_0297_0467_0222_0052.png 1 0 0 222 52
Maruti-Suzuki-A-Star-520842g.jpg_0009_0392_0445_0189_0064.png 1 0 0 189 64
Maruti-Suzuki-A-Star-523821c.jpg_0000_0346_0423_0148_0034.png 1 0 0 148 34
Maruti-Suzuki-A-Star-524294d.jpg_0000_0282_0432_0207_0082.png 1 0 0 207 82
Maruti-Suzuki-A-Star-525076c.jpg_0348_0053_0215_0097_0024.png 1 0 0 97 24
Maruti-Suzuki-A-Star-525076d.jpg_0000_0137_0194_0132_0050.png 1 0 0 132 50
Maruti-Suzuki-A-Star-525081c.jpg_0001_0253_0405_0204_0060.png 1 0 0 204 60
Maruti-Suzuki-A-Star-525645c.jpg_0358_0303_0388_0185_0063.png 1 0 0 185 63
Maruti-Suzuki-A-Star-525972c.jpg_0000_0233_0436_0316_0074.png 1 0 0 316 74
Maruti-Suzuki-A-Star-526462b.jpg_0017_0462_0395_0159_0054.png 1 0 0 159 54
Maruti-Suzuki-A-Star-528553c.jpg_0010_0393_0448_0181_0058.png 1 0 0 181 58
Maruti-Suzuki-A-Star-528723b.jpg_0350_0201_0398_0200_0057.png 1 0 0 200 57
Maruti-Suzuki-A-Star-528975c.jpg_0358_0279_0364_0198_0063.png 1 0 0 198 63
Maruti-Suzuki-Alto-510127c.jpg_0000_0318_0318_0227_0053.png 1 0 0 227 53
Maruti-Suzuki-Alto-510127d.jpg_0350_0077_0312_0153_0056.png 1 0 0 153 56
Maruti-Suzuki-Alto-510127e.jpg_0012_0510_0321_0137_0045.png 1 0 0 137 45
Maruti-Suzuki-Alto-512537c.jpg_0000_0177_0184_0135_0049.png 1 0 0 135 49
Maruti-Suzuki-Alto-515308b.jpg_0338_0067_0364_0105_0029.png 1 0 0 105 29
Maruti-Suzuki-Alto-515313b.jpg_0354_0207_0400_0203_0055.png 1 0 0 203 55
Maruti-Suzuki-Alto-515313c.jpg_0342_0100_0412_0165_0038.png 1 0 0 165 38
Maruti-Suzuki-Alto-515313d.jpg_0000_0413_0388_0171_0090.png 1 0 0 171 90
Maruti-Suzuki-Alto-515313d.jpg_0013_0403_0421_0170_0058.png 1 0 0 170 58
Maruti-Suzuki-Alto-515313e.jpg_0332_0071_0422_0089_0030.png 1 0 0 89 30
Maruti-Suzuki-Alto-515755d.jpg_0000_0161_0182_0117_0038.png 1 0 0 117 38
Maruti-Suzuki-Alto-516983c.jpg_0000_0249_0458_0240_0056.png 1 0 0 240 56
Maruti-Suzuki-Alto-518038c.jpg_0027_0409_0311_0062_0022.png 1 0 0 62 22
Maruti-Suzuki-Alto-518935c.jpg_0000_0238_0489_0299_0073.png 1 0 0 299 73
Maruti-Suzuki-Alto-519481c.jpg_0000_0237_0507_0283_0089.png 1 0 0 283 89
Maruti-Suzuki-Alto-520136c.jpg_0000_0232_0495_0272_0084.png 1 0 0 272 84
Maruti-Suzuki-Alto-520294c.jpg_0000_0310_0492_0245_0053.png 1 0 0 245 53
Maruti-Suzuki-Alto-520395c.jpg_0000_0322_0479_0243_0057.png 1 0 0 243 57
Maruti-Suzuki-Alto-520547c.jpg_0357_0134_0227_0155_0045.png 1 0 0 155 45
Maruti-Suzuki-Alto-521000c.jpg_0000_0357_0421_0267_0088.png 1 0 0 267 88
Maruti-Suzuki-Alto-521000d.jpg_0000_0230_0527_0269_0063.png 1 0 0 269 63
Maruti-Suzuki-Alto-521000f.jpg_0350_0168_0527_0224_0044.png 1 0 0 224 44
Maruti-Suzuki-Alto-521149c.jpg_0355_0298_0500_0222_0071.png 1 0 0 222 71
Maruti-Suzuki-Alto-521175b.jpg_0000_0268_0528_0252_0059.png 1 0 0 252 59
Maruti-Suzuki-Alto-521175g.jpg_0003_0263_0501_0271_0068.png 1 0 0 271 68
Maruti-Suzuki-Alto-521398c.jpg_0000_0297_0497_0271_0063.png 1 0 0 271 63
Maruti-Suzuki-Alto-521398c.jpg_0001_0297_0497_0271_0063.png 1 0 0 271 63
Maruti-Suzuki-Alto-521436c.jpg_0002_0206_0510_0296_0080.png 1 0 0 296 80
Maruti-Suzuki-Alto-521597c.jpg_0000_0153_0304_0149_0061.png 1 0 0 149 61
Maruti-Suzuki-Alto-521597c.jpg_0007_0148_0319_0160_0052.png 1 0 0 160 52
Maruti-Suzuki-Alto-523732c.jpg_0000_0276_0499_0269_0063.png 1 0 0 269 63
Maruti-Suzuki-Alto-523800b.jpg_0000_0212_0403_0172_0033.png 1 0 0 172 33
Maruti-Suzuki-Alto-523839b.jpg_0329_0081_0479_0156_0052.png 1 0 0 156 52
Maruti-Suzuki-Alto-523942c.jpg_0359_0266_0472_0252_0072.png 1 0 0 252 72
Maruti-Suzuki-Alto-524014c.jpg_0000_0100_0155_0049_0014.png 1 0 0 49 14
Maruti-Suzuki-Alto-524700c.jpg_0012_0344_0556_0282_0066.png 1 0 0 282 66
Maruti-Suzuki-Alto-525338b.jpg_0000_0118_0287_0110_0030.png 1 0 0 110 30
Maruti-Suzuki-Alto-525338e.jpg_0005_0246_0260_0137_0044.png 1 0 0 137 44
Maruti-Suzuki-Alto-525338f.jpg_0005_0107_0266_0129_0034.png 1 0 0 129 34
Maruti-Suzuki-Alto-525711c.jpg_0000_0262_0357_0272_0064.png 1 0 0 272 64
Maruti-Suzuki-Alto-525926b.jpg_0000_0219_0545_0205_0048.png 1 0 0 205 48
Maruti-Suzuki-Alto-525967c.jpg_0028_0634_0473_0111_0043.png 1 0 0 111 43
Maruti-Suzuki-Alto-526450c.jpg_0000_0176_0490_0210_0067.png 1 0 0 210 67
Maruti-Suzuki-Alto-526450e.jpg_0025_0549_0473_0132_0033.png 1 0 0 132 33
Maruti-Suzuki-Alto-526476b.jpg_0002_0314_0476_0168_0040.png 1 0 0 168 40
Maruti-Suzuki-Alto-526732c.jpg_0024_0521_0517_0124_0033.png 1 0 0 124 33
Maruti-Suzuki-Alto-526732d.jpg_0000_0275_0422_0185_0043.png 1 0 0 185 43
Maruti-Suzuki-Alto-526884f.jpg_0333_0071_0392_0141_0036.png 1 0 0 141 36
Maruti-Suzuki-Alto-527039b.jpg_0357_0094_0208_0108_0032.png 1 0 0 108 32
Maruti-Suzuki-Alto-527113c.jpg_0008_0260_0228_0051_0019.png 1 0 0 51 19
Maruti-Suzuki-Alto-527113d.jpg_0347_0087_0247_0050_0019.png 1 0 0 50 19
Maruti-Suzuki-Alto-527113f.jpg_0000_0151_0236_0112_0037.png 1 0 0 112 37
Maruti-Suzuki-Alto-527246c.jpg_0000_0278_0499_0245_0053.png 1 0 0 245 53
Maruti-Suzuki-Alto-527564c.jpg_0000_0111_0268_0108_0023.png 1 0 0 108 23
Maruti-Suzuki-Alto-527564d.jpg_0000_0116_0294_0075_0017.png 1 0 0 75 17
Maruti-Suzuki-Alto-527564e.jpg_0000_0117_0295_0075_0017.png 1 0 0 75 17
Maruti-Suzuki-Alto-527578b.jpg_0000_0297_0203_0081_0045.png 1 0 0 81 45
Maruti-Suzuki-Alto-527600c.jpg_0000_0259_0497_0280_0086.png 1 0 0 280 86
Maruti-Suzuki-Alto-528069c.jpg_0351_0209_0503_0228_0053.png 1 0 0 228 53
Maruti-Suzuki-Alto-528193b.jpg_0000_0292_0358_0188_0063.png 1 0 0 188 63
Maruti-Suzuki-Alto-528260d.jpg_0352_0228_0469_0274_0068.png 1 0 0 274 68
Maruti-Suzuki-Alto-528270c.jpg_0355_0259_0472_0282_0083.png 1 0 0 282 83
Maruti-Suzuki-Alto-528618g.jpg_0021_0502_0342_0093_0026.png 1 0 0 93 26
Maruti-Suzuki-Alto-528635g.jpg_0018_0454_0251_0121_0051.png 1 0 0 121 51
Maruti-Suzuki-Alto-528911b.jpg_0329_0146_0474_0155_0044.png 1 0 0 155 44
Maruti-Suzuki-Alto-528911d.jpg_0022_0572_0454_0136_0040.png 1 0 0 136 40
Maruti-Suzuki-Alto-528922c.jpg_0346_0218_0446_0248_0076.png 1 0 0 248 76
Maruti-Suzuki-Alto-528967c.jpg_0000_0260_0367_0329_0086.png 1 0 0 329 86
Maruti-Suzuki-Alto-529382c.jpg_0000_0312_0422_0150_0049.png 1 0 0 150 49
Maruti-Suzuki-Alto-529421b.jpg_0009_0142_0209_0091_0024.png 1 0 0 91 24
Maruti-Suzuki-Alto-529792c.jpg_0355_0210_0374_0275_0065.png 1 0 0 275 65
Maruti-Suzuki-Alto-529988b.jpg_0032_0612_0452_0103_0036.png 1 0 0 103 36
Maruti-Suzuki-Alto-530128b.jpg_0018_0681_0538_0169_0039.png 1 0 0 169 39
Maruti-Suzuki-Alto-800-520088e.jpg_0000_0342_0427_0179_0042.png 1 0 0 179 42
Maruti-Suzuki-Alto-800-527041c.jpg_0000_0287_0469_0234_0060.png 1 0 0 234 60
Maruti-Suzuki-Alto-800-527221c.jpg_0332_0056_0411_0182_0049.png 1 0 0 182 49
Maruti-Suzuki-Alto-800-530088b.jpg_0000_0333_0356_0218_0064.png 1 0 0 218 64
Maruti-Suzuki-Ertiga-513896c.jpg_0001_0137_0234_0171_0041.png 1 0 0 171 41
Maruti-Suzuki-Ertiga-513896d.jpg_0016_0376_0212_0094_0032.png 1 0 0 94 32
Maruti-Suzuki-Ertiga-513901b.jpg_0336_-012_0204_0096_0031.png 1 0 0 96 31
Maruti-Suzuki-Ertiga-513901d.jpg_0013_0375_0210_0132_0031.png 1 0 0 132 31
Maruti-Suzuki-Ertiga-514468d.jpg_0000_0073_0350_0109_0060.png 1 0 0 109 60
Maruti-Suzuki-Ertiga-514468f.jpg_0000_0140_0312_0140_0051.png 1 0 0 140 51
Maruti-Suzuki-Ertiga-514468h.jpg_0017_0694_0255_0156_0036.png 1 0 0 156 36
Maruti-Suzuki-Ertiga-525955b.jpg_0012_0586_0402_0121_0047.png 1 0 0 121 47
Maruti-Suzuki-Ertiga-525955g.jpg_0011_0588_0403_0122_0042.png 1 0 0 122 42
Maruti-Suzuki-Ertiga-528535c.jpg_0021_0562_0444_0098_0038.png 1 0 0 98 38
Maruti-Suzuki-Ertiga-528640b.jpg_0000_0245_0324_0268_0078.png 1 0 0 268 78
Maruti-Suzuki-Ertiga-528640c.jpg_0000_0272_0486_0287_0067.png 1 0 0 287 67
Maruti-Suzuki-Esteem-523244b.jpg_0000_0090_0285_0110_0040.png 1 0 0 110 40
Maruti-Suzuki-Esteem-528652b.jpg_0019_0311_0186_0079_0035.png 1 0 0 79 35
Maruti-Suzuki-Gypsy-524751d.jpg_0000_0367_0358_0084_0032.png 1 0 0 84 32
Maruti-Suzuki-New-Swift-DZire-522133c.jpg_0355_0278_0275_0198_0066.png 1 0 0 198 66
Maruti-Suzuki-New-Swift-DZire-526214c.jpg_0025_0444_0294_0188_0072.png 1 0 0 188 72
Maruti-Suzuki-New-Swift-DZire-528059c.jpg_0000_0285_0373_0246_0057.png 1 0 0 246 57
Maruti-Suzuki-Omni-515239b.jpg_0000_0104_0193_0096_0026.png 1 0 0 96 26
Maruti-Suzuki-Omni-520146c.jpg_0000_0075_0159_0077_0016.png 1 0 0 77 16
Maruti-Suzuki-Omni-523374b.jpg_0342_0157_0498_0146_0031.png 1 0 0 146 31
Maruti-Suzuki-Omni-523902c.jpg_0358_0239_0423_0239_0056.png 1 0 0 239 56
Maruti-Suzuki-Omni-525274c.jpg_0000_0095_0125_0067_0015.png 1 0 0 67 15
Maruti-Suzuki-Omni-527698c.jpg_0352_0275_0409_0215_0050.png 1 0 0 215 50
Maruti-Suzuki-Omni-528431c.jpg_0000_0262_0373_0255_0082.png 1 0 0 255 82
Maruti-Suzuki-Omni-529383c.jpg_0006_0383_0376_0151_0061.png 1 0 0 151 61
Maruti-Suzuki-Ritz-513525c.jpg_0357_0149_0184_0128_0030.png 1 0 0 128 30
Maruti-Suzuki-Ritz-514713e.jpg_0004_0191_0182_0139_0043.png 1 0 0 139 43
Maruti-Suzuki-Ritz-514713f.jpg_0351_0110_0179_0095_0028.png 1 0 0 95 28
Maruti-Suzuki-Ritz-519810c.jpg_0000_0308_0299_0201_0056.png 1 0 0 201 56
Maruti-Suzuki-Ritz-523421c.jpg_0000_0275_0368_0187_0041.png 1 0 0 187 41
Maruti-Suzuki-Ritz-523851b.jpg_0334_0112_0376_0170_0055.png 1 0 0 170 55
Maruti-Suzuki-Ritz-524055e.jpg_0000_0282_0262_0135_0031.png 1 0 0 135 31
Maruti-Suzuki-Ritz-524195c.jpg_0000_0252_0324_0292_0076.png 1 0 0 292 76
Maruti-Suzuki-Ritz-524677f.jpg_0000_0307_0441_0171_0040.png 1 0 0 171 40
Maruti-Suzuki-Ritz-525658b.jpg_0341_0173_0392_0125_0043.png 1 0 0 125 43
Maruti-Suzuki-Ritz-525658c.jpg_0348_0199_0346_0166_0038.png 1 0 0 166 38
Maruti-Suzuki-Ritz-525658d.jpg_0019_0596_0370_0129_0048.png 1 0 0 129 48
Maruti-Suzuki-Ritz-526164b.jpg_0000_0163_0342_0089_0028.png 1 0 0 89 28
Maruti-Suzuki-Ritz-526222c.jpg_0000_0178_0395_0326_0162.png 1 0 0 326 162
Maruti-Suzuki-Ritz-526833c.jpg_0353_0220_0330_0252_0068.png 1 0 0 252 68
Maruti-Suzuki-Ritz-526858c.jpg_0000_0335_0250_0194_0050.png 1 0 0 194 50
Maruti-Suzuki-Ritz-527237c.jpg_0006_0318_0291_0210_0049.png 1 0 0 210 49
Maruti-Suzuki-Ritz-527562c.jpg_0000_0247_0363_0223_0059.png 1 0 0 223 59
Maruti-Suzuki-Ritz-527759b.jpg_0354_0206_0250_0173_0051.png 1 0 0 173 51
Maruti-Suzuki-Ritz-528298c.jpg_0357_0273_0398_0238_0087.png 1 0 0 238 87
Maruti-Suzuki-Swift-515183c.jpg_0358_0321_0329_0175_0041.png 1 0 0 175 41
Maruti-Suzuki-Swift-515757c.jpg_0000_0149_0288_0146_0063.png 1 0 0 146 63
Maruti-Suzuki-Swift-516168e.jpg_0334_0223_0431_0164_0036.png 1 0 0 164 36
Maruti-Suzuki-Swift-516168f.jpg_0002_0310_0404_0178_0041.png 1 0 0 178 41
Maruti-Suzuki-Swift-518233c.jpg_0000_0178_0266_0124_0048.png 1 0 0 124 48
Maruti-Suzuki-Swift-518436d.jpg_0000_0295_0449_0292_0068.png 1 0 0 292 68
Maruti-Suzuki-Swift-519695d.jpg_0000_0323_0108_0031_0133.png 1 0 0 31 133
Maruti-Suzuki-Swift-519695h.jpg_0336_0004_0378_0104_0047.png 1 0 0 104 47
Maruti-Suzuki-Swift-521012c.jpg_0356_0152_0437_0163_0029.png 1 0 0 163 29
Maruti-Suzuki-Swift-521196c.jpg_0000_0333_0430_0175_0062.png 1 0 0 175 62
Maruti-Suzuki-Swift-521523c.jpg_0000_0303_0377_0248_0072.png 1 0 0 248 72
Maruti-Suzuki-Swift-521607c.jpg_0000_0260_0364_0213_0059.png 1 0 0 213 59
Maruti-Suzuki-Swift-522130c.jpg_0000_0305_0547_0234_0055.png 1 0 0 234 55
Maruti-Suzuki-Swift-522136d.jpg_0005_0401_0386_0190_0057.png 1 0 0 190 57
Maruti-Suzuki-Swift-522209c.jpg_0000_0303_0475_0201_0062.png 1 0 0 201 62
Maruti-Suzuki-Swift-522209d.jpg_0022_0627_0347_0112_0040.png 1 0 0 112 40
Maruti-Suzuki-Swift-522233c.jpg_0000_0292_0485_0218_0074.png 1 0 0 218 74
Maruti-Suzuki-Swift-522729c.jpg_0000_0300_0384_0291_0082.png 1 0 0 291 82
Maruti-Suzuki-Swift-522747c.jpg_0000_0013_0386_0141_0111.png 1 0 0 141 111
Maruti-Suzuki-Swift-522747c.jpg_0332_0009_0361_0188_0058.png 1 0 0 188 58
Maruti-Suzuki-Swift-522753b.jpg_0342_0054_0462_0163_0062.png 1 0 0 163 62
Maruti-Suzuki-Swift-522794c.jpg_0000_0251_0398_0313_0073.png 1 0 0 313 73
Maruti-Suzuki-Swift-522885c.jpg_0000_0288_0438_0228_0053.png 1 0 0 228 53
Maruti-Suzuki-Swift-522892c.jpg_0343_0033_0297_0159_0068.png 1 0 0 159 68
Maruti-Suzuki-Swift-523264c.jpg_0000_0277_0473_0263_0048.png 1 0 0 263 48
Maruti-Suzuki-Swift-523519b.jpg_0328_0071_0364_0117_0048.png 1 0 0 117 48
Maruti-Suzuki-Swift-523519c.jpg_0000_0307_0465_0206_0069.png 1 0 0 206 69
Maruti-Suzuki-Swift-523702b.jpg_0345_0106_0347_0162_0043.png 1 0 0 162 43
Maruti-Suzuki-Swift-524509b.jpg_0325_0043_0399_0144_0039.png 1 0 0 144 39
Maruti-Suzuki-Swift-524509c.jpg_0007_0378_0532_0204_0068.png 1 0 0 204 68
Maruti-Suzuki-Swift-524599c.jpg_0002_0317_0437_0211_0074.png 1 0 0 211 74
Maruti-Suzuki-Swift-524733e.jpg_0000_0275_0345_0202_0046.png 1 0 0 202 46
Maruti-Suzuki-Swift-525066b.jpg_0000_0613_0376_0133_0129.png 1 0 0 133 129
Maruti-Suzuki-Swift-525066b.jpg_0026_0575_0456_0198_0062.png 1 0 0 198 62
Maruti-Suzuki-Swift-525066c.jpg_0337_0074_0451_0168_0055.png 1 0 0 168 55
Maruti-Suzuki-Swift-525145c.jpg_0000_0249_0406_0291_0068.png 1 0 0 291 68
Maruti-Suzuki-Swift-525406c.jpg_0000_0425_0401_0134_0069.png 1 0 0 134 69
Maruti-Suzuki-Swift-525406e.jpg_0347_0130_0336_0169_0041.png 1 0 0 169 41
Maruti-Suzuki-Swift-525439c.jpg_0004_0301_0495_0215_0050.png 1 0 0 215 50
Maruti-Suzuki-Swift-525595b.jpg_0000_0322_0356_0218_0063.png 1 0 0 218 63
Maruti-Suzuki-Swift-525735b.jpg_0000_0061_0474_0147_0095.png 1 0 0 147 95
Maruti-Suzuki-Swift-525735b.jpg_0341_0074_0470_0153_0064.png 1 0 0 153 64
Maruti-Suzuki-Swift-525760c.jpg_0350_0126_0258_0112_0035.png 1 0 0 112 35
Maruti-Suzuki-Swift-525874c.jpg_0001_0296_0473_0251_0059.png 1 0 0 251 59
Maruti-Suzuki-Swift-525876c.jpg_0000_0329_0471_0234_0070.png 1 0 0 234 70
Maruti-Suzuki-Swift-525957e.jpg_0000_0246_0443_0223_0052.png 1 0 0 223 52
Maruti-Suzuki-Swift-526148c.jpg_0003_0279_0432_0220_0052.png 1 0 0 220 52
Maruti-Suzuki-Swift-526181d.jpg_0000_0230_0388_0224_0064.png 1 0 0 224 64
Maruti-Suzuki-Swift-526183c.jpg_0357_0227_0488_0247_0053.png 1 0 0 247 53
Maruti-Suzuki-Swift-526255c.jpg_0002_0324_0421_0208_0052.png 1 0 0 208 52
Maruti-Suzuki-Swift-526326b.jpg_0343_0027_0381_0186_0072.png 1 0 0 186 72
Maruti-Suzuki-Swift-526596c.jpg_0359_0266_0482_0262_0063.png 1 0 0 262 63
Maruti-Suzuki-Swift-526696c.jpg_0001_0265_0466_0262_0061.png 1 0 0 262 61
Maruti-Suzuki-Swift-526734c.jpg_0000_0249_0422_0253_0059.png 1 0 0 253 59
Maruti-Suzuki-Swift-526743c.jpg_0000_0263_0501_0147_0064.png 1 0 0 147 64
Maruti-Suzuki-Swift-526743d.jpg_0348_0107_0323_0106_0037.png 1 0 0 106 37
Maruti-Suzuki-Swift-526743g.jpg_0000_0080_0359_0170_0086.png 1 0 0 170 86
Maruti-Suzuki-Swift-526758b.jpg_0000_0239_0479_0270_0063.png 1 0 0 270 63
Maruti-Suzuki-Swift-526823c.jpg_0000_0293_0420_0230_0068.png 1 0 0 230 68
Maruti-Suzuki-Swift-527181c.jpg_0000_0323_0318_0220_0059.png 1 0 0 220 59
Maruti-Suzuki-Swift-527247c.jpg_0002_0261_0471_0276_0059.png 1 0 0 276 59
Maruti-Suzuki-Swift-527253c.jpg_0331_-020_0442_0157_0061.png 1 0 0 157 61
Maruti-Suzuki-Swift-527264b.jpg_0343_0078_0484_0137_0047.png 1 0 0 137 47
Maruti-Suzuki-Swift-527266c.jpg_0000_0316_0441_0213_0059.png 1 0 0 213 59
Maruti-Suzuki-Swift-527487c.jpg_0353_-016_0494_0153_0051.png 1 0 0 153 51
Maruti-Suzuki-Swift-527560b.jpg_0358_0172_0235_0180_0048.png 1 0 0 180 48
Maruti-Suzuki-Swift-527560g.jpg_0351_0070_0265_0134_0045.png 1 0 0 134 45
Maruti-Suzuki-Swift-527561g.jpg_0020_0410_0288_0059_0028.png 1 0 0 59 28
Maruti-Suzuki-Swift-527679c.jpg_0000_0296_0460_0257_0068.png 1 0 0 257 68
Maruti-Suzuki-Swift-527868c.jpg_0338_0022_0415_0214_0060.png 1 0 0 214 60
Maruti-Suzuki-Swift-528479e.jpg_0346_0088_0326_0166_0050.png 1 0 0 166 50
Maruti-Suzuki-Swift-528505c.jpg_0011_0403_0483_0198_0059.png 1 0 0 198 59
Maruti-Suzuki-Swift-528654c.jpg_0357_0239_0445_0241_0065.png 1 0 0 241 65
Maruti-Suzuki-Swift-528688c.jpg_0000_0294_0488_0237_0052.png 1 0 0 237 52
Maruti-Suzuki-Swift-528729c.jpg_0000_0329_0423_0190_0046.png 1 0 0 190 46
Maruti-Suzuki-Swift-528815b.jpg_0000_0255_0412_0151_0042.png 1 0 0 151 42
Maruti-Suzuki-Swift-528815d.jpg_0003_0340_0442_0227_0053.png 1 0 0 227 53
Maruti-Suzuki-Swift-528815e.jpg_0342_0102_0455_0226_0070.png 1 0 0 226 70
Maruti-Suzuki-Swift-529140c.jpg_0000_0206_0429_0181_0058.png 1 0 0 181 58
Maruti-Suzuki-Swift-529199c.jpg_0000_0285_0460_0262_0072.png 1 0 0 262 72
Maruti-Suzuki-Swift-529298c.jpg_0000_0284_0446_0247_0072.png 1 0 0 247 72
Maruti-Suzuki-Swift-529820c.jpg_0000_0248_0414_0249_0067.png 1 0 0 249 67
Maruti-Suzuki-Swift-530225c.jpg_0000_0344_0344_0197_0055.png 1 0 0 197 55
Maruti-Suzuki-Swift-Dzire-514261d.jpg_0026_0682_0393_0104_0037.png 1 0 0 104 37
Maruti-Suzuki-Swift-Dzire-514261f.jpg_0357_0341_0329_0178_0042.png 1 0 0 178 42
Maruti-Suzuki-Swift-Dzire-514261g.jpg_0336_0091_0249_0118_0049.png 1 0 0 118 49
Maruti-Suzuki-Swift-Dzire-514295c.jpg_0355_0102_0179_0138_0053.png 1 0 0 138 53
Maruti-Suzuki-Swift-Dzire-514762c.jpg_0000_0121_0203_0214_0065.png 1 0 0 214 65
Maruti-Suzuki-Swift-Dzire-517271c.jpg_0000_0276_0292_0229_0069.png 1 0 0 229 69
Maruti-Suzuki-Swift-Dzire-519452h.jpg_0358_0262_0439_0256_0051.png 1 0 0 256 51
Maruti-Suzuki-Swift-Dzire-519986c.jpg_0000_0202_0154_0133_0034.png 1 0 0 133 34
Maruti-Suzuki-Swift-Dzire-520594c.jpg_0355_0234_0381_0221_0078.png 1 0 0 221 78
Maruti-Suzuki-Swift-Dzire-520714d.jpg_0000_0024_0201_0088_0070.png 1 0 0 88 70
Maruti-Suzuki-Swift-Dzire-520714d.jpg_0335_0034_0198_0098_0034.png 1 0 0 98 34
Maruti-Suzuki-Swift-Dzire-520878c.jpg_0005_0246_0327_0219_0081.png 1 0 0 219 81
Maruti-Suzuki-Swift-Dzire-521184c.jpg_0000_0307_0314_0201_0070.png 1 0 0 201 70
Maruti-Suzuki-Swift-Dzire-521554c.jpg_0000_0229_0299_0247_0082.png 1 0 0 247 82
Maruti-Suzuki-Swift-Dzire-521936b.jpg_0000_0346_0428_0151_0064.png 1 0 0 151 64
Maruti-Suzuki-Swift-Dzire-522066d.jpg_0353_0165_0393_0263_0070.png 1 0 0 263 70
Maruti-Suzuki-Swift-Dzire-522155c.jpg_0000_0343_0325_0163_0055.png 1 0 0 163 55
Maruti-Suzuki-Swift-Dzire-522194c.jpg_0351_0313_0407_0238_0076.png 1 0 0 238 76
Maruti-Suzuki-Swift-Dzire-522205c.jpg_0023_0476_0346_0168_0052.png 1 0 0 168 52
Maruti-Suzuki-Swift-Dzire-522654c.jpg_0000_0290_0298_0284_0076.png 1 0 0 284 76
Maruti-Suzuki-Swift-Dzire-522771d.jpg_0005_0332_0260_0271_0090.png 1 0 0 271 90
Maruti-Suzuki-Swift-Dzire-523089c.jpg_0000_0264_0354_0268_0078.png 1 0 0 268 78
Maruti-Suzuki-Swift-Dzire-523455c.jpg_0017_0368_0350_0235_0067.png 1 0 0 235 67
Maruti-Suzuki-Swift-Dzire-523483c.jpg_0000_0309_0353_0194_0068.png 1 0 0 194 68
Maruti-Suzuki-Swift-Dzire-523483f.jpg_0005_0352_0437_0167_0052.png 1 0 0 167 52
Maruti-Suzuki-Swift-Dzire-523498c.jpg_0000_0254_0340_0184_0060.png 1 0 0 184 60
Maruti-Suzuki-Swift-Dzire-523740b.jpg_0016_0648_0325_0140_0069.png 1 0 0 140 69
Maruti-Suzuki-Swift-Dzire-523803c.jpg_0004_0306_0359_0238_0057.png 1 0 0 238 57
Maruti-Suzuki-Swift-Dzire-524131d.jpg_0007_0196_0238_0150_0045.png 1 0 0 150 45
Maruti-Suzuki-Swift-Dzire-524857g.jpg_0000_0305_0288_0212_0049.png 1 0 0 212 49
Maruti-Suzuki-Swift-Dzire-525083e.jpg_0336_0085_0248_0080_0048.png 1 0 0 80 48
Maruti-Suzuki-Swift-Dzire-525162c.jpg_0002_0238_0273_0236_0069.png 1 0 0 236 69
Maruti-Suzuki-Swift-Dzire-525565g.jpg_0000_0196_0262_0200_0064.png 1 0 0 200 64
Maruti-Suzuki-Swift-Dzire-525567g.jpg_0013_0503_0273_0125_0051.png 1 0 0 125 51
Maruti-Suzuki-Swift-Dzire-525675c.jpg_0000_0273_0247_0224_0060.png 1 0 0 224 60
Maruti-Suzuki-Swift-Dzire-525865c.jpg_0005_0322_0383_0305_0092.png 1 0 0 305 92
Maruti-Suzuki-Swift-Dzire-525962b.jpg_0000_0284_0477_0215_0057.png 1 0 0 215 57
Maruti-Suzuki-Swift-Dzire-526171b.jpg_0357_0090_0413_0163_0044.png 1 0 0 163 44
Maruti-Suzuki-Swift-Dzire-526216e.jpg_0000_0277_0345_0250_0071.png 1 0 0 250 71
Maruti-Suzuki-Swift-Dzire-526230c.jpg_0002_0284_0289_0216_0052.png 1 0 0 216 52
Maruti-Suzuki-Swift-Dzire-526231c.jpg_0000_0254_0341_0211_0066.png 1 0 0 211 66
Maruti-Suzuki-Swift-Dzire-526239c.jpg_0000_0446_0244_0175_0110.png 1 0 0 175 110
Maruti-Suzuki-Swift-Dzire-526239c.jpg_0015_0456_0286_0161_0082.png 1 0 0 161 82
Maruti-Suzuki-Swift-Dzire-526299c.jpg_0000_0273_0330_0235_0069.png 1 0 0 235 69
Maruti-Suzuki-Swift-Dzire-526325c.jpg_0359_0227_0351_0242_0060.png 1 0 0 242 60
Maruti-Suzuki-Swift-Dzire-526373c.jpg_0000_0290_0417_0168_0044.png 1 0 0 168 44
Maruti-Suzuki-Swift-Dzire-526457c.jpg_0000_0270_0292_0220_0068.png 1 0 0 220 68
Maruti-Suzuki-Swift-Dzire-526627c.jpg_0000_0259_0328_0300_0087.png 1 0 0 300 87
Maruti-Suzuki-Swift-Dzire-526664c.jpg_0000_0280_0304_0248_0067.png 1 0 0 248 67
Maruti-Suzuki-Swift-Dzire-526668b.jpg_0000_0296_0370_0215_0055.png 1 0 0 215 55
Maruti-Suzuki-Swift-Dzire-526668d.jpg_0000_0300_0254_0233_0065.png 1 0 0 233 65
Maruti-Suzuki-Swift-Dzire-526820c.jpg_0000_0264_0271_0205_0048.png 1 0 0 205 48
Maruti-Suzuki-Swift-Dzire-527180b.jpg_0331_0085_0328_0175_0043.png 1 0 0 175 43
Maruti-Suzuki-Swift-Dzire-528074c.jpg_0357_0351_0286_0183_0048.png 1 0 0 183 48
Maruti-Suzuki-Swift-Dzire-528449c.jpg_0000_0597_0238_0185_0093.png 1 0 0 185 93
Maruti-Suzuki-Swift-Dzire-528449c.jpg_0016_0591_0286_0199_0065.png 1 0 0 199 65
Maruti-Suzuki-Swift-Dzire-528454c.jpg_0000_0264_0272_0266_0062.png 1 0 0 266 62
Maruti-Suzuki-Swift-Dzire-529112c.jpg_0000_0262_0304_0266_0078.png 1 0 0 266 78
Maruti-Suzuki-Swift-Dzire-529319c.jpg_0000_0283_0313_0257_0075.png 1 0 0 257 75
Maruti-Suzuki-Swift-Dzire-529446c.jpg_0000_0285_0292_0223_0074.png 1 0 0 223 74
Maruti-Suzuki-Swift-Dzire-529747c.jpg_0000_0299_0367_0231_0054.png 1 0 0 231 54
Maruti-Suzuki-Swift-Dzire-529765c.jpg_0020_0651_0282_0115_0054.png 1 0 0 115 54
Maruti-Suzuki-Swift-Dzire-529774c.jpg_0000_0279_0310_0214_0055.png 1 0 0 214 55
Maruti-Suzuki-Swift-Old-521145c.jpg_0345_0155_0488_0305_0060.png 1 0 0 305 60
Maruti-Suzuki-Swift-Old-522082c.jpg_0000_0269_0471_0258_0060.png 1 0 0 258 60
Maruti-Suzuki-Swift-Old-522216b.jpg_0325_0071_0432_0113_0039.png 1 0 0 113 39
Maruti-Suzuki-Swift-Old-522216c.jpg_0000_0286_0446_0214_0050.png 1 0 0 214 50
Maruti-Suzuki-Swift-Old-522216d.jpg_0036_0684_0320_0110_0032.png 1 0 0 110 32
Maruti-Suzuki-Swift-Old-524622c.jpg_0000_0274_0468_0258_0060.png 1 0 0 258 60
Maruti-Suzuki-Swift-Old-528445c.jpg_0000_0255_0481_0287_0067.png 1 0 0 287 67
Maruti-Suzuki-Swift-Old-529306c.jpg_0002_0260_0448_0288_0067.png 1 0 0 288 67
Maruti-Suzuki-SX4-514334c.jpg_0000_0254_0377_0267_0060.png 1 0 0 267 60
Maruti-Suzuki-SX4-518929c.jpg_0000_0179_0302_0297_0138.png 1 0 0 297 138
Maruti-Suzuki-SX4-518929c.jpg_0353_0170_0300_0324_0098.png 1 0 0 324 98
Maruti-Suzuki-SX4-519714d.jpg_0000_0200_0236_0181_0042.png 1 0 0 181 42
Maruti-Suzuki-SX4-519714g.jpg_0000_0252_0523_0251_0048.png 1 0 0 251 48
Maruti-Suzuki-SX4-519945c.jpg_0002_0115_0333_0211_0072.png 1 0 0 211 72
Maruti-Suzuki-SX4-521152c.jpg_0000_0277_0324_0235_0069.png 1 0 0 235 69
Maruti-Suzuki-SX4-522655d.jpg_0002_0313_0260_0239_0072.png 1 0 0 239 72
Maruti-Suzuki-SX4-522661c.jpg_0349_0054_0233_0190_0070.png 1 0 0 190 70
Maruti-Suzuki-SX4-522933c.jpg_0000_0322_0307_0276_0089.png 1 0 0 276 89
Maruti-Suzuki-SX4-523698c.jpg_0356_0284_0278_0194_0071.png 1 0 0 194 71
Maruti-Suzuki-SX4-523823c.jpg_0004_0346_0312_0239_0058.png 1 0 0 239 58
Maruti-Suzuki-SX4-523846d.jpg_0023_0648_0393_0117_0039.png 1 0 0 117 39
Maruti-Suzuki-SX4-523932c.jpg_0007_0348_0332_0254_0083.png 1 0 0 254 83
Maruti-Suzuki-SX4-524748c.jpg_0000_0288_0301_0190_0054.png 1 0 0 190 54
Maruti-Suzuki-SX4-524748d.jpg_0023_0524_0412_0151_0029.png 1 0 0 151 29
Maruti-Suzuki-SX4-525562c.jpg_0000_0287_0290_0227_0058.png 1 0 0 227 58
Maruti-Suzuki-SX4-526662c.jpg_0000_0368_0300_0193_0047.png 1 0 0 193 47
Maruti-Suzuki-SX4-526886b.jpg_0000_0277_0495_0243_0057.png 1 0 0 243 57
Maruti-Suzuki-SX4-527271c.jpg_0004_0308_0247_0224_0064.png 1 0 0 224 64
Maruti-Suzuki-SX4-527518f.jpg_0000_0041_0203_0096_0048.png 1 0 0 96 48
Maruti-Suzuki-SX4-527523c.jpg_0000_0103_0258_0101_0027.png 1 0 0 101 27
Maruti-Suzuki-SX4-527523e.jpg_0349_0115_0190_0124_0052.png 1 0 0 124 52
Maruti-Suzuki-SX4-527529b.jpg_0352_0093_0184_0119_0048.png 1 0 0 119 48
Maruti-Suzuki-SX4-527529c.jpg_0026_0459_0306_0089_0032.png 1 0 0 89 32
Maruti-Suzuki-SX4-527549c.jpg_0000_0415_0241_0059_0048.png 1 0 0 59 48
Maruti-Suzuki-SX4-527549d.jpg_0345_0186_0233_0089_0026.png 1 0 0 89 26
Maruti-Suzuki-SX4-527549h.jpg_0345_0001_0167_0070_0041.png 1 0 0 70 41
Maruti-Suzuki-SX4-527555b.jpg_0348_0062_0179_0113_0047.png 1 0 0 113 47
Maruti-Suzuki-SX4-527555c.jpg_0345_0101_0111_0224_0119.png 1 0 0 224 119
Maruti-Suzuki-SX4-528507b.jpg_0323_0020_0368_0117_0027.png 1 0 0 117 27
Maruti-Suzuki-SX4-528507c.jpg_0000_0370_0288_0214_0072.png 1 0 0 214 72
Maruti-Suzuki-SX4-528527d.jpg_0000_0243_0269_0207_0066.png 1 0 0 207 66
Maruti-Suzuki-SX4-528724c.jpg_0000_0324_0303_0226_0075.png 1 0 0 226 75
Maruti-Suzuki-SX4-528726c.jpg_0000_0316_0293_0184_0052.png 1 0 0 184 52
Maruti-Suzuki-SX4-528728c.jpg_0000_0313_0302_0229_0068.png 1 0 0 229 68
Maruti-Suzuki-SX4-529265b.jpg_0000_0314_0460_0225_0052.png 1 0 0 225 52
Maruti-Suzuki-SX4-529771c.jpg_0356_0252_0327_0241_0080.png 1 0 0 241 80
Maruti-Suzuki-Versa-528015c.jpg_0000_0272_0406_0182_0061.png 1 0 0 182 61
Maruti-Suzuki-Wagon-R-1-0-524647c.jpg_0355_0251_0348_0250_0073.png 1 0 0 250 73
Maruti-Suzuki-Wagon-R-1-0-528441c.jpg_0000_0244_0452_0241_0076.png 1 0 0 241 76
Maruti-Suzuki-Wagon-R-515619b.jpg_0000_0182_0209_0142_0045.png 1 0 0 142 45
Maruti-Suzuki-Wagon-R-518662d.jpg_0008_0309_0336_0202_0068.png 1 0 0 202 68
Maruti-Suzuki-Wagon-R-518677b.jpg_0333_0015_0458_0135_0037.png 1 0 0 135 37
Maruti-Suzuki-Wagon-R-519209b.jpg_0000_0230_0270_0232_0049.png 1 0 0 232 49
Maruti-Suzuki-Wagon-R-519713c.jpg_0000_0284_0338_0247_0066.png 1 0 0 247 66
Maruti-Suzuki-Wagon-R-519983b.jpg_0032_0620_0314_0131_0048.png 1 0 0 131 48
Maruti-Suzuki-Wagon-R-520112c.jpg_0000_0299_0286_0190_0049.png 1 0 0 190 49
Maruti-Suzuki-Wagon-R-520112d.jpg_0020_0619_0412_0119_0035.png 1 0 0 119 35
Maruti-Suzuki-Wagon-R-520114d.jpg_0019_0538_0430_0161_0047.png 1 0 0 161 47
Maruti-Suzuki-Wagon-R-520117b.jpg_0007_0461_0285_0120_0045.png 1 0 0 120 45
Maruti-Suzuki-Wagon-R-521164b.jpg_0337_0052_0342_0172_0060.png 1 0 0 172 60
Maruti-Suzuki-Wagon-R-521371d.jpg_0343_0004_0381_0150_0035.png 1 0 0 150 35
Maruti-Suzuki-Wagon-R-521375c.jpg_0000_0299_0337_0226_0053.png 1 0 0 226 53
Maruti-Suzuki-Wagon-R-522229c.jpg_0000_0289_0357_0183_0045.png 1 0 0 183 45
Maruti-Suzuki-Wagon-R-522637b.jpg_0000_0158_0183_0106_0024.png 1 0 0 106 24
Maruti-Suzuki-Wagon-R-522694c.jpg_0000_0277_0321_0192_0061.png 1 0 0 192 61
Maruti-Suzuki-Wagon-R-522807b.jpg_0332_-012_0357_0191_0042.png 1 0 0 191 42
Maruti-Suzuki-Wagon-R-522817b.jpg_0000_0482_0166_0049_0224.png 1 0 0 49 224
Maruti-Suzuki-Wagon-R-522923c.jpg_0000_0292_0347_0223_0055.png 1 0 0 223 55
Maruti-Suzuki-Wagon-R-523061b.jpg_0000_0314_0391_0226_0050.png 1 0 0 226 50
Maruti-Suzuki-Wagon-R-523062c.jpg_0000_0353_0285_0186_0043.png 1 0 0 186 43
Maruti-Suzuki-Wagon-R-523402c.jpg_0357_0295_0337_0175_0052.png 1 0 0 175 52
Maruti-Suzuki-Wagon-R-523557c.jpg_0351_0147_0440_0283_0106.png 1 0 0 283 106
Maruti-Suzuki-Wagon-R-523838h.jpg_0358_0225_0315_0191_0056.png 1 0 0 191 56
Maruti-Suzuki-Wagon-R-523843c.jpg_0355_0251_0345_0215_0079.png 1 0 0 215 79
Maruti-Suzuki-Wagon-R-523893c.jpg_0347_0140_0449_0277_0070.png 1 0 0 277 70
Maruti-Suzuki-Wagon-R-523904c.jpg_0354_0166_0431_0277_0069.png 1 0 0 277 69
Maruti-Suzuki-Wagon-R-523906c.jpg_0354_0212_0378_0223_0055.png 1 0 0 223 55
Maruti-Suzuki-Wagon-R-524356b.jpg_0000_0305_0417_0184_0047.png 1 0 0 184 47
Maruti-Suzuki-Wagon-R-524356c.jpg_0022_0411_0293_0082_0029.png 1 0 0 82 29
Maruti-Suzuki-Wagon-R-524426b.jpg_0000_0621_0394_0198_0100.png 1 0 0 198 100
Maruti-Suzuki-Wagon-R-524426d.jpg_0031_0699_0494_0120_0033.png 1 0 0 120 33
Maruti-Suzuki-Wagon-R-526288c.jpg_0000_0306_0329_0183_0050.png 1 0 0 183 50
Maruti-Suzuki-Wagon-R-526607b.jpg_0014_0195_0151_0068_0029.png 1 0 0 68 29
Maruti-Suzuki-Wagon-R-526607c.jpg_0000_0116_0150_0096_0022.png 1 0 0 96 22
Maruti-Suzuki-Wagon-R-526686b.jpg_0337_0161_0386_0142_0044.png 1 0 0 142 44
Maruti-Suzuki-Wagon-R-526923c.jpg_0000_0378_0297_0190_0063.png 1 0 0 190 63
Maruti-Suzuki-Wagon-R-527243c.jpg_0017_0420_0467_0114_0037.png 1 0 0 114 37
Maruti-Suzuki-Wagon-R-527243d.jpg_0000_0278_0256_0178_0052.png 1 0 0 178 52
Maruti-Suzuki-Wagon-R-527243e.jpg_0355_0179_0242_0153_0045.png 1 0 0 153 45
Maruti-Suzuki-Wagon-R-527279b.jpg_0000_0094_0470_0136_0066.png 1 0 0 136 66
Maruti-Suzuki-Wagon-R-527279b.jpg_0340_0101_0443_0162_0052.png 1 0 0 162 52
Maruti-Suzuki-Wagon-R-527295c.jpg_0001_0293_0348_0227_0053.png 1 0 0 227 53
Maruti-Suzuki-Wagon-R-527497c.jpg_0072_0662_0153_0150_0046.png 1 0 0 150 46
Maruti-Suzuki-Wagon-R-527780d.jpg_0337_0051_0279_0195_0057.png 1 0 0 195 57
Maruti-Suzuki-Wagon-R-528113b.jpg_0345_0020_0263_0104_0024.png 1 0 0 104 24
Maruti-Suzuki-Wagon-R-528362g.jpg_0000_0492_0268_0129_0060.png 1 0 0 129 60
Maruti-Suzuki-Wagon-R-528517c.jpg_0006_0368_0412_0237_0057.png 1 0 0 237 57
Maruti-Suzuki-Wagon-R-529509b.jpg_0004_0380_0273_0154_0050.png 1 0 0 154 50
Maruti-Suzuki-Wagon-R-530109c.jpg_0005_0380_0338_0215_0056.png 1 0 0 215 56
Maruti-Suzuki-Wagon-R-530291c.jpg_0000_0270_0316_0222_0075.png 1 0 0 222 75
Maruti-Suzuki-Wagon-R-530349c.jpg_0000_0322_0372_0221_0056.png 1 0 0 221 56
Maruti-Suzuki-Wagon-R-Duo-518026c.jpg_0000_0264_0337_0249_0066.png 1 0 0 249 66
Maruti-Suzuki-Wagon-R-Duo-527567c.jpg_0000_0276_0346_0243_0065.png 1 0 0 243 65
Maruti-Suzuki-Wagon-R-Duo-527599c.jpg_0000_0304_0324_0229_0059.png 1 0 0 229 59
Maruti-Suzuki-Wagon-R-Duo-527769c.jpg_0000_0303_0331_0238_0063.png 1 0 0 238 63
Maruti-Suzuki-Zen-525294c.jpg_0000_0274_0318_0199_0046.png 1 0 0 199 46
Maruti-Suzuki-Zen-526880d.jpg_0326_0047_0327_0110_0026.png 1 0 0 110 26
Maruti-Suzuki-Zen-530403c.jpg_0021_0594_0504_0111_0055.png 1 0 0 111 55
Maruti-Suzuki-Zen-Estilo-515142b.jpg_0357_0309_0423_0239_0044.png 1 0 0 239 44
Maruti-Suzuki-Zen-Estilo-515142c.jpg_0000_0083_0269_0128_0027.png 1 0 0 128 27
Maruti-Suzuki-Zen-Estilo-515142g.jpg_0356_0088_0263_0139_0034.png 1 0 0 139 34
Maruti-Suzuki-Zen-Estilo-515142h.jpg_0000_0184_0318_0170_0040.png 1 0 0 170 40
Maruti-Suzuki-Zen-Estilo-515306c.jpg_0024_0448_0430_0133_0039.png 1 0 0 133 39
Maruti-Suzuki-Zen-Estilo-515306d.jpg_0344_0075_0389_0151_0031.png 1 0 0 151 31
Maruti-Suzuki-Zen-Estilo-515306e.jpg_0023_0488_0369_0100_0036.png 1 0 0 100 36
Maruti-Suzuki-Zen-Estilo-518955c.jpg_0007_0319_0535_0220_0053.png 1 0 0 220 53
Maruti-Suzuki-Zen-Estilo-519652b.jpg_0038_0641_0440_0190_0047.png 1 0 0 190 47
Maruti-Suzuki-Zen-Estilo-519652d.jpg_0024_0577_0449_0146_0045.png 1 0 0 146 45
Maruti-Suzuki-Zen-Estilo-519941c.jpg_0002_0271_0418_0196_0046.png 1 0 0 196 46
Maruti-Suzuki-Zen-Estilo-520118b.jpg_0000_0544_0385_0131_0065.png 1 0 0 131 65
Maruti-Suzuki-Zen-Estilo-523383c.jpg_0000_0290_0461_0222_0062.png 1 0 0 222 62
Maruti-Suzuki-Zen-Estilo-523554b.jpg_0004_0386_0540_0169_0063.png 1 0 0 169 63
Maruti-Suzuki-Zen-Estilo-524478c.jpg_0358_0264_0511_0263_0058.png 1 0 0 263 58
Maruti-Suzuki-Zen-Estilo-525270c.jpg_0023_0436_0298_0114_0026.png 1 0 0 114 26
Maruti-Suzuki-Zen-Estilo-525651b.jpg_0000_0270_0511_0249_0058.png 1 0 0 249 58
Maruti-Suzuki-Zen-Estilo-526516b.jpg_0336_0071_0377_0115_0050.png 1 0 0 115 50
Maruti-Suzuki-Zen-Estilo-526516c.jpg_0007_0292_0557_0183_0050.png 1 0 0 183 50
Maruti-Suzuki-Zen-Estilo-526848c.jpg_0001_0347_0409_0169_0040.png 1 0 0 169 40
Maruti-Suzuki-Zen-Estilo-526992c.jpg_0000_0281_0486_0249_0070.png 1 0 0 249 70
Maruti-Suzuki-Zen-Estilo-527386b.jpg_0000_0334_0478_0194_0036.png 1 0 0 194 36
Maruti-Suzuki-Zen-Estilo-527386e.jpg_0000_0177_0313_0154_0042.png 1 0 0 154 42
Maruti-Suzuki-Zen-Estilo-527386h.jpg_0000_0260_0465_0220_0065.png 1 0 0 220 65
Maruti-Suzuki-Zen-Estilo-527619c.jpg_0000_0280_0496_0238_0064.png 1 0 0 238 64
Maruti-Suzuki-Zen-Estilo-527891b.jpg_0004_0325_0503_0206_0036.png 1 0 0 206 36
Maruti-Suzuki-Zen-Estilo-528722c.jpg_0350_0201_0496_0248_0055.png 1 0 0 248 55
Maruti-Suzuki-Zen-Estilo-529745c.jpg_0000_0089_0202_0074_0020.png 1 0 0 74 20
Mitsubishi-Cedia-513884d.jpg_0000_0102_0214_0141_0045.png 1 0 0 141 45
Mitsubishi-Cedia-522137c.jpg_0000_0255_0344_0276_0076.png 1 0 0 276 76
Mitsubishi-Lancer-527488c.jpg_0002_0376_0266_0199_0048.png 1 0 0 199 48
Mitsubishi-Outlander-524230b.jpg_0000_0300_0219_0156_0036.png 1 0 0 156 36
Mitsubishi-Pajero-523988b.jpg_0000_0106_0313_0133_0038.png 1 0 0 133 38
Mitsubishi-Pajero-523988c.jpg_0000_0235_0357_0205_0048.png 1 0 0 205 48
Mitsubishi-Pajero-529584e.jpg_0358_0247_0306_0101_0026.png 1 0 0 101 26
Nissan-Micra-519953c.jpg_0355_0287_0381_0193_0051.png 1 0 0 193 51
Nissan-Micra-523344c.jpg_0008_0337_0510_0242_0059.png 1 0 0 242 59
Nissan-Micra-525927c.jpg_0356_0284_0405_0216_0056.png 1 0 0 216 56
Nissan-Micra-526525d.jpg_0000_0343_0423_0157_0048.png 1 0 0 157 48
Nissan-Micra-527407c.jpg_0006_0247_0361_0165_0039.png 1 0 0 165 39
Nissan-Micra-528407e.jpg_0026_0501_0476_0143_0049.png 1 0 0 143 49
Nissan-Micra-528516b.jpg_0344_0127_0409_0187_0051.png 1 0 0 187 51
Nissan-Micra-528516d.jpg_0359_0252_0401_0210_0049.png 1 0 0 210 49
Nissan-Sunny-527636g.jpg_0351_0175_0272_0214_0064.png 1 0 0 214 64
Opel-Corsa-529587d.jpg_0000_0318_0263_0167_0055.png 1 0 0 167 55
Renault-Duster-518682c.jpg_0359_0264_0367_0260_0060.png 1 0 0 260 60
Renault-Duster-521875c.jpg_0345_0058_0348_0113_0036.png 1 0 0 113 36
Renault-Duster-523707b.jpg_0000_0273_0435_0210_0043.png 1 0 0 210 43
Renault-Duster-523707e.jpg_0000_0403_0285_0191_0054.png 1 0 0 191 54
Renault-Duster-523707g.jpg_0017_0557_0467_0147_0048.png 1 0 0 147 48
Renault-Duster-527700c.jpg_0000_0276_0345_0289_0093.png 1 0 0 289 93
Renault-Duster-529592e.jpg_0000_0304_0284_0177_0045.png 1 0 0 177 45
Renault-Duster-529597c.jpg_0000_0316_0383_0174_0040.png 1 0 0 174 40
Renault-Fluence-529426c.jpg_0000_0329_0312_0233_0067.png 1 0 0 233 67
Skoda-Fabia-517152b.jpg_0013_0493_0445_0174_0044.png 1 0 0 174 44
Skoda-Fabia-520019c.jpg_0356_0288_0272_0227_0053.png 1 0 0 227 53
Skoda-Fabia-520019f.jpg_0000_0337_0525_0183_0062.png 1 0 0 183 62
Skoda-Fabia-520019h.jpg_0000_0283_0326_0212_0107.png 1 0 0 212 107
Skoda-Fabia-525538c.jpg_0358_0245_0362_0211_0053.png 1 0 0 211 53
Skoda-Fabia-527240c.jpg_0337_0015_0279_0222_0075.png 1 0 0 222 75
Skoda-Fabia-527343c.jpg_0002_0332_0452_0261_0067.png 1 0 0 261 67
Skoda-Fabia-527446c.jpg_0000_0397_0215_0130_0057.png 1 0 0 130 57
Skoda-Fabia-528239c.jpg_0000_0291_0343_0222_0051.png 1 0 0 222 51
Skoda-Laura-525003c.jpg_0000_0293_0271_0202_0056.png 1 0 0 202 56
Skoda-Laura-529245c.jpg_0357_0208_0296_0218_0059.png 1 0 0 218 59
Skoda-Octavia-526755c.jpg_0000_0216_0370_0312_0082.png 1 0 0 312 82
Skoda-Octavia-526821c.jpg_0000_0250_0360_0276_0080.png 1 0 0 276 80
Skoda-Rapid-528411c.jpg_0355_0134_0180_0142_0035.png 1 0 0 142 35
Skoda-Superb-529188c.jpg_0000_0295_0393_0206_0057.png 1 0 0 206 57
Skoda-Superb-529481b.jpg_0000_0353_0446_0226_0053.png 1 0 0 226 53
Skoda-Superb-529646b.jpg_0335_0049_0239_0129_0030.png 1 0 0 129 30
Skoda-Superb-529646c.jpg_0000_0260_0323_0199_0055.png 1 0 0 199 55
Tata-Aria-529132c.jpg_0000_0279_0338_0169_0055.png 1 0 0 169 55
Tata-Indica-523467c.jpg_0354_0278_0492_0221_0053.png 1 0 0 221 53
Tata-Indica-Vista-513917d.jpg_0355_0144_0290_0143_0040.png 1 0 0 143 40
Tata-Indica-Vista-521731f.jpg_0006_0279_0395_0169_0043.png 1 0 0 169 43
Tata-Indica-Vista-522434c.jpg_0000_0305_0493_0254_0059.png 1 0 0 254 59
Tata-Indica-Vista-524633c.jpg_0000_0260_0506_0263_0061.png 1 0 0 263 61
Tata-Indica-Vista-526546c.jpg_0000_0319_0453_0208_0052.png 1 0 0 208 52
Tata-Indica-Vista-526684c.jpg_0000_0263_0508_0233_0058.png 1 0 0 233 58
Tata-Indica-Vista-528459c.jpg_0000_0323_0455_0186_0043.png 1 0 0 186 43
Tata-Indica-Vista-528502c.jpg_0357_0260_0520_0267_0051.png 1 0 0 267 51
Tata-Indica-Vista-529419c.jpg_0343_0096_0401_0115_0035.png 1 0 0 115 35
Tata-Indigo-CS-513908d.jpg_0000_0131_0185_0200_0047.png 1 0 0 200 47
Tata-Indigo-CS-518206c.jpg_0000_0253_0331_0293_0081.png 1 0 0 293 81
Tata-Indigo-CS-518416b.jpg_0000_0281_0397_0266_0062.png 1 0 0 266 62
Tata-Indigo-CS-521449c.jpg_0000_0261_0301_0291_0083.png 1 0 0 291 83
Tata-Indigo-CS-521462c.jpg_0000_0274_0309_0257_0067.png 1 0 0 257 67
Tata-Indigo-eCS-513911d.jpg_0000_0148_0196_0182_0042.png 1 0 0 182 42
Tata-Indigo-eCS-515400b.jpg_0000_0148_0178_0139_0041.png 1 0 0 139 41
Tata-Indigo-eCS-527766c.jpg_0008_0182_0378_0326_0082.png 1 0 0 326 82
Tata-Manza-523458c.jpg_0000_0246_0336_0319_0098.png 1 0 0 319 98
Tata-Manza-525789c.jpg_0359_0288_0309_0265_0071.png 1 0 0 265 71
Tata-Manza-529289c.jpg_0000_0362_0315_0194_0060.png 1 0 0 194 60
Tata-Nano-521049c.jpg_0000_0252_0508_0254_0059.png 1 0 0 254 59
Tata-Nano-521319b.jpg_0003_0262_0485_0191_0044.png 1 0 0 191 44
Tata-Nano-521319c.jpg_0000_0146_0370_0152_0039.png 1 0 0 152 39
Tata-Nano-527224c.jpg_0000_0245_0482_0291_0068.png 1 0 0 291 68
Tata-Nano-527807c.jpg_0358_0302_0487_0248_0055.png 1 0 0 248 55
Tata-Nano-528068b.jpg_0032_0664_0429_0150_0035.png 1 0 0 150 35
Tata-Nano-528175b.jpg_0002_0252_0434_0189_0039.png 1 0 0 189 39
Tata-Nano-528368d.jpg_0000_0250_0412_0215_0060.png 1 0 0 215 60
Tata-Nano-529800c.jpg_0001_0169_0268_0128_0031.png 1 0 0 128 31
Tata-Safari-515411b.jpg_0000_0182_0231_0115_0027.png 1 0 0 115 27
Tata-Safari-525713c.jpg_0000_0314_0479_0211_0049.png 1 0 0 211 49
Tata-Sumo-528030c.jpg_0000_0351_0496_0179_0042.png 1 0 0 179 42
Tata-Sumo-528619c.jpg_0357_0335_0448_0148_0034.png 1 0 0 148 34
Tata-Sumo-Grande-MK-II-527304c.jpg_0000_0258_0380_0317_0061.png 1 0 0 317 61
Toyota-Corolla-522862c.jpg_0000_0309_0307_0192_0061.png 1 0 0 192 61
Toyota-Corolla-524200c.jpg_0356_0273_0295_0263_0081.png 1 0 0 263 81
Toyota-Corolla-530358c.jpg_0001_0331_0339_0180_0086.png 1 0 0 180 86
Toyota-Corolla-Altis-513912c.jpg_0002_0136_0184_0164_0040.png 1 0 0 164 40
Toyota-Corolla-Altis-516067b.jpg_0020_0325_0253_0089_0030.png 1 0 0 89 30
Toyota-Corolla-Altis-516067e.jpg_0000_0171_0171_0108_0033.png 1 0 0 108 33
Toyota-Corolla-Altis-516141e.jpg_0000_0318_0330_0183_0043.png 1 0 0 183 43
Toyota-Corolla-Altis-523828c.jpg_0357_0279_0371_0198_0050.png 1 0 0 198 50
Toyota-Corolla-Altis-525870b.jpg_0356_0278_0314_0270_0065.png 1 0 0 270 65
Toyota-Corolla-Altis-525913c.jpg_0359_0277_0333_0263_0084.png 1 0 0 263 84
Toyota-Corolla-Altis-527867c.jpg_0000_0300_0341_0198_0063.png 1 0 0 198 63
Toyota-Corolla-Altis-528418d.jpg_0357_0259_0307_0182_0057.png 1 0 0 182 57
Toyota-Corolla-Altis-530350c.jpg_0357_0287_0324_0244_0065.png 1 0 0 244 65
Toyota-Etios-518765c.jpg_0004_0315_0390_0191_0047.png 1 0 0 191 47
Toyota-Etios-521099c.jpg_0000_0292_0468_0200_0066.png 1 0 0 200 66
Toyota-Etios-521919d.jpg_0024_0607_0374_0169_0044.png 1 0 0 169 44
Toyota-Etios-529065d.jpg_0023_0342_0227_0145_0034.png 1 0 0 145 34
Toyota-Etios-Liva-518045c.jpg_0349_0224_0393_0222_0052.png 1 0 0 222 52
Toyota-Etios-Liva-519982c.jpg_0000_0267_0490_0264_0070.png 1 0 0 264 70
Toyota-Etios-Liva-521420c.jpg_0000_0309_0419_0161_0050.png 1 0 0 161 50
Toyota-Etios-Liva-521420d.jpg_0000_0562_0341_0086_0054.png 1 0 0 86 54
Toyota-Innova-518412g.jpg_0000_0330_0250_0221_0067.png 1 0 0 221 67
Toyota-Innova-518617c.jpg_0002_0291_0348_0228_0067.png 1 0 0 228 67
Toyota-Innova-519620c.jpg_0006_0356_0372_0258_0098.png 1 0 0 258 98
Toyota-Innova-520368c.jpg_0350_0238_0372_0152_0053.png 1 0 0 152 53
Toyota-Innova-521118c.jpg_0000_0329_0350_0253_0076.png 1 0 0 253 76
Toyota-Innova-521380c.jpg_0000_0349_0254_0184_0058.png 1 0 0 184 58
Toyota-Innova-522211c.jpg_0010_0425_0325_0163_0070.png 1 0 0 163 70
Toyota-Innova-523852b.jpg_0339_0166_0305_0127_0062.png 1 0 0 127 62
Toyota-Innova-523886c.jpg_0000_0242_0335_0264_0076.png 1 0 0 264 76
Toyota-Innova-523897c.jpg_0000_0292_0310_0234_0068.png 1 0 0 234 68
Toyota-Innova-526307c.jpg_0001_0282_0344_0246_0057.png 1 0 0 246 57
Toyota-Innova-526314c.jpg_0353_0180_0454_0176_0092.png 1 0 0 176 92
Toyota-Innova-526598c.jpg_0000_0310_0318_0175_0082.png 1 0 0 175 82
Toyota-Innova-526970c.jpg_0000_0157_0192_0122_0031.png 1 0 0 122 31
Toyota-Innova-527241b.jpg_0345_0146_0450_0166_0039.png 1 0 0 166 39
Toyota-Innova-527241d.jpg_0002_0303_0286_0198_0048.png 1 0 0 198 48
Toyota-Innova-527241e.jpg_0352_0127_0287_0154_0049.png 1 0 0 154 49
Toyota-Innova-527300c.jpg_0000_0305_0356_0260_0071.png 1 0 0 260 71
Toyota-Innova-528262d.jpg_0339_0182_0312_0237_0055.png 1 0 0 237 55
Toyota-Innova-528373d.jpg_0353_0169_0259_0118_0064.png 1 0 0 118 64
Toyota-Innova-529206c.jpg_0000_0283_0338_0263_0091.png 1 0 0 263 91
Toyota-Innova-529384c.jpg_0000_0311_0359_0189_0050.png 1 0 0 189 50
Toyota-Innova-529475c.jpg_0352_0207_0358_0219_0056.png 1 0 0 219 56
Toyota-Innova-530293c.jpg_0000_0285_0347_0191_0044.png 1 0 0 191 44
Toyota-Innova-530293d.jpg_0022_0698_0466_0128_0044.png 1 0 0 128 44
Volkswagen-Beetle-527801b.jpg_0350_0191_0281_0108_0038.png 1 0 0 108 38
Volkswagen-Beetle-527801c.jpg_0014_0618_0287_0115_0042.png 1 0 0 115 42
Volkswagen-Jetta-527772c.jpg_0000_0109_0384_0125_0091.png 1 0 0 125 91
Volkswagen-Jetta-527772d.jpg_0020_0536_0428_0150_0063.png 1 0 0 150 63
Volkswagen-Passat-524232c.jpg_0000_0635_0254_0070_0051.png 1 0 0 70 51
Volkswagen-Passat-528655b.jpg_0353_0216_0366_0224_0052.png 1 0 0 224 52
Volkswagen-Passat-528655c.jpg_0000_0195_0373_0198_0066.png 1 0 0 198 66
Volkswagen-Passat-529659h.jpg_0000_0126_0225_0147_0042.png 1 0 0 147 42
Volkswagen-Polo-518687c.jpg_0000_0154_0263_0188_0051.png 1 0 0 188 51
Volkswagen-Polo-519511c.jpg_0000_0261_0396_0212_0067.png 1 0 0 212 67
Volkswagen-Polo-520667c.jpg_0000_0306_0415_0197_0046.png 1 0 0 197 46
Volkswagen-Polo-521108c.jpg_0000_0283_0435_0223_0052.png 1 0 0 223 52
Volkswagen-Polo-521153c.jpg_0000_0295_0424_0220_0061.png 1 0 0 220 61
Volkswagen-Polo-523431c.jpg_0000_0319_0448_0202_0060.png 1 0 0 202 60
Volkswagen-Polo-525091b.jpg_0336_0157_0370_0164_0047.png 1 0 0 164 47
Volkswagen-Polo-525091c.jpg_0345_0196_0418_0207_0076.png 1 0 0 207 76
Volkswagen-Polo-525129c.jpg_0356_0234_0492_0282_0046.png 1 0 0 282 46
Volkswagen-Polo-526281c.jpg_0026_0607_0454_0204_0060.png 1 0 0 204 60
Volkswagen-Polo-526578b.jpg_0015_0645_0370_0117_0048.png 1 0 0 117 48
Volkswagen-Polo-526811c.jpg_0003_0282_0455_0264_0075.png 1 0 0 264 75
Volkswagen-Vento-513903d.jpg_0343_-032_0126_0129_0036.png 1 0 0 129 36
Volkswagen-Vento-514293c.jpg_0000_0151_0195_0123_0029.png 1 0 0 123 29
Volkswagen-Vento-521155c.jpg_0000_0280_0328_0236_0055.png 1 0 0 236 55
Volkswagen-Vento-521156c.jpg_0003_0283_0308_0238_0056.png 1 0 0 238 56
Volkswagen-Vento-521349c.jpg_0358_0291_0302_0202_0050.png 1 0 0 202 50
Volkswagen-Vento-522725c.jpg_0358_0280_0281_0221_0058.png 1 0 0 221 58
Volkswagen-Vento-524292c.jpg_0022_0572_0335_0166_0058.png 1 0 0 166 58
Volkswagen-Vento-524640c.jpg_0000_0273_0307_0234_0067.png 1 0 0 234 67
Volkswagen-Vento-525178b.jpg_0334_0011_0378_0169_0055.png 1 0 0 169 55
Volkswagen-Vento-527913c.jpg_0006_0377_0362_0222_0059.png 1 0 0 222 59
Volkswagen-Vento-528042c.jpg_0000_0285_0321_0260_0048.png 1 0 0 260 48
Volvo-XC90-524182b.jpg_0002_0391_0414_0199_0045.png 1 0 0 199 45
